status,bed,bath,acre_lot,city,state,zip_code,house_size,price
0,1.0,1,20.2,1,0,1095,1751,299000
1,1.0,2,0.28,2,0,1030,1060,300000
0,4.0,2,0.16,3,0,1105,1402,199900
0,5.0,1,0.13,4,0,1040,1327,300000
0,3.0,1,0.13,5,0,1089,1715,299000
1,2.0,2,0.48,6,0,1106,1844,825000
0,5.0,2,0.11,3,0,1108,1826,299900
0,4.0,1,0.21,7,0,1013,1368,474500
0,5.0,2,0.16,7,0,1020,1074,375000
0,3.0,2,0.18,3,0,1118,1678,299000
0,1.0,1,0.5,2,0,1030,1894,760000
1,3.0,1,0.48,3,0,1119,1841,329900
0,4.0,2,0.07,8,0,1056,1462,84900
1,2.0,2,0.07,8,0,1056,1521,84900
0,4.0,2,0.25,7,0,1020,1317,330000
0,5.0,2,0.57,3,0,1103,1384,65000
1,5.0,2,0.14,9,0,1062,1345,105000
0,2.0,2,1.94,9,0,1060,1004,50000
1,4.0,2,1.07,10,0,1036,1087,349900
1,3.0,1,1.08,11,0,1033,1324,346000
0,3.0,2,0.23,12,0,1028,1878,249900
0,1.0,2,0.33,4,0,1040,1887,225000
0,3.0,2,0.64,1,0,1095,1064,350000
1,5.0,2,0.6,13,0,1085,1045,375000
0,1.0,1,0.41,3,0,1118,1542,250000
0,3.0,2,0.22,3,0,1129,1519,249900
1,2.0,1,0.13,3,0,1108,1724,285000
0,3.0,1,0.33,7,0,1020,1399,299999
1,4.0,1,0.19,3,0,1118,1838,239000
1,1.0,1,0.58,12,0,1028,1305,485000
0,3.0,1,1.1,1,0,1095,1175,569000
0,5.0,2,0.65,5,0,1089,1932,299000
0,1.0,1,0.12,3,0,1104,1135,225000
1,5.0,2,0.39,14,0,1002,1362,880000
1,3.0,2,0.46,9,0,1062,1956,319000
0,2.0,2,0.69,6,0,1106,1651,674900
0,4.0,2,0.23,8,0,1056,1263,324900
0,4.0,2,0.23,7,0,1020,1121,389999
0,1.0,1,0.08,3,0,1151,1797,399000
1,1.0,1,0.51,7,0,1020,1592,299900
0,1.0,2,0.12,13,0,1085,1847,269900
1,2.0,1,0.69,6,0,1106,1436,649900
0,4.0,2,1.28,14,0,1002,1103,232000
0,4.0,2,3.04,14,0,1002,1983,975000
0,2.0,2,1.17,15,0,1027,1650,399000
0,5.0,1,2.9,16,0,1057,1698,799900
0,4.0,2,1.92,13,0,1085,1916,60000
0,3.0,1,0.62,17,0,1071,1035,250000
1,1.0,1,0.34,3,0,1129,1407,190000
0,2.0,2,0.34,2,0,1001,1687,180000
0,2.0,2,0.11,8,0,1056,1558,299500
0,3.0,2,0.14,3,0,1104,1128,225000
0,2.0,2,0.4,18,0,1075,1065,224900
0,1.0,1,1.39,2,0,1001,1423,169900
0,5.0,1,1.36,19,0,1073,1405,1249900
1,3.0,2,0.14,3,0,1108,1435,190000
0,5.0,2,0.28,7,0,1013,1926,240000
1,1.0,1,0.38,12,0,1028,1336,279000
0,3.0,1,0.23,7,0,1020,1845,399900
1,4.0,1,0.3,4,0,1040,1050,365000
0,5.0,1,2.52,1,0,1095,1617,650000
1,1.0,2,0.11,7,0,1013,1139,374900
0,2.0,2,0.12,3,0,1104,1970,284999
0,4.0,1,0.12,9,0,1060,1343,489900
0,1.0,2,0.29,3,0,1119,1429,239900
0,3.0,2,0.41,15,0,1027,1740,579900
0,3.0,1,0.3,18,0,1075,1379,295000
0,2.0,2,0.14,9,0,1062,1827,499000
0,1.0,2,0.56,14,0,1002,1331,745000
0,2.0,1,0.23,4,0,1040,1108,339000
0,1.0,1,0.22,7,0,1013,1572,269900
0,5.0,1,0.23,20,0,1007,1002,229900
0,4.0,1,0.31,20,0,1007,1328,215000
0,4.0,1,0.32,3,0,1119,1763,275000
1,2.0,1,1.54,9,0,1062,1786,525000
0,4.0,1,0.62,6,0,1106,1434,699900
1,5.0,2,0.11,3,0,1104,1396,325000
1,4.0,2,0.67,9,0,1060,1435,545000
1,2.0,2,35.0,21,0,1247,1792,29000
1,4.0,1,2.99,22,0,1253,1120,400000
0,1.0,1,0.62,23,0,1237,1455,199900
0,5.0,2,0.13,4,0,1040,1201,175000
0,1.0,2,2.63,21,0,1247,1957,314000
0,2.0,2,3.26,24,0,1050,1600,26900
1,4.0,2,4.49,9,0,1060,1629,1675000
0,3.0,1,3.81,9,0,1062,1206,1395000
0,1.0,2,0.22,25,0,1201,1439,169900
0,2.0,2,0.12,25,0,1201,1246,169900
1,5.0,1,62.0,26,0,1070,1148,649000
1,5.0,2,2.75,27,0,1223,1609,35000
0,1.0,1,2.65,27,0,1223,1936,34999
0,1.0,1,0.24,25,0,1201,1539,264999
0,2.0,1,0.22,15,0,1027,1954,299900
0,3.0,2,0.16,25,0,1201,1505,259900
0,1.0,2,2.0,28,0,1008,1295,24900
0,4.0,1,9.3,29,0,1034,1504,799000
0,1.0,2,1.68,30,0,1220,1379,79900
1,1.0,1,2.09,31,0,1367,1200,28000
1,3.0,1,0.11,30,0,1220,1221,229000
0,3.0,1,0.24,3,0,1107,1844,30000
0,1.0,2,19.66,23,0,1237,1700,149000
0,2.0,2,0.43,25,0,1201,1689,184900
0,2.0,2,0.18,32,0,1267,1400,1040000
0,4.0,2,0.32,23,0,1237,1005,699900
1,2.0,1,82.0,22,0,1253,1547,395000
0,3.0,1,83.0,30,0,1220,1214,495000
1,3.0,2,178.0,23,0,1237,1101,749900
0,3.0,2,0.99,15,0,1027,1868,2650000
0,3.0,2,3.1,22,0,1253,1661,99000
0,2.0,1,0.62,22,0,1253,1444,79900
0,5.0,2,15.8,33,0,1339,1924,89000
0,5.0,2,0.21,22,0,1253,1856,119900
1,3.0,1,1.1,34,0,1270,1137,379990
0,4.0,1,0.81,30,0,1220,1387,250000
1,4.0,1,0.14,35,0,1247,1718,169900
0,1.0,1,2.0,21,0,1247,1931,54900
0,3.0,1,1.76,21,0,1247,1889,39900
0,5.0,1,0.69,19,0,1073,1671,300000
0,2.0,1,0.19,30,0,1220,1809,100000
0,5.0,1,0.1,25,0,1201,1016,149900
0,5.0,1,3.2,27,0,1223,1799,49900
0,5.0,1,0.07,35,0,1247,1497,179900
1,4.0,1,13.93,25,0,1201,1696,199900
1,2.0,1,0.18,36,0,1240,1470,819000
1,4.0,1,0.24,4,0,1040,1947,279000
0,3.0,1,0.15,25,0,1201,1274,235000
1,5.0,1,0.45,35,0,1247,1061,29000
0,5.0,1,7.86,37,0,1238,1135,149900
0,5.0,2,0.3,30,0,1220,1104,395000
0,5.0,1,0.22,25,0,1201,1508,289000
1,1.0,1,17.41,9,0,1060,1412,175000
1,1.0,1,0.4,27,0,1223,1129,28000
0,5.0,1,0.66,15,0,1027,1095,395000
0,3.0,1,0.36,36,0,1240,1144,849000
0,5.0,2,0.35,15,0,1027,1142,395000
1,5.0,2,0.35,9,0,1053,1355,575000
1,2.0,1,0.26,25,0,1201,1421,139900
0,3.0,1,0.45,9,0,1060,1193,350000
0,4.0,1,3.09,38,0,1225,1556,199900
1,4.0,1,2.0,37,0,1238,1248,119900
0,4.0,1,268.5,39,0,1330,1415,545000
0,1.0,2,1.0,22,0,1253,1506,799000
0,4.0,1,79.31,40,0,1077,1390,1240000
0,3.0,2,1.24,25,0,1201,1396,659900
0,4.0,2,0.15,9,0,1060,1792,699900
1,4.0,1,1.91,9,0,1060,1726,699900
1,3.0,1,1.34,19,0,1073,1709,109500
0,3.0,2,42.03,13,0,1085,1898,595000
1,4.0,2,73.21,35,0,1247,1808,75000
0,4.0,2,62.22,35,0,1247,1404,80000
0,3.0,2,9.98,34,0,1270,1566,29900
0,4.0,2,3.41,2,0,1001,1199,25000
0,3.0,2,3.24,27,0,1223,1215,14000
0,5.0,1,8.13,34,0,1270,1190,30000
0,2.0,2,18.9,26,0,1070,1969,79900
0,4.0,2,0.95,35,0,1247,1559,179900
0,4.0,1,0.27,4,0,1040,1137,560000
0,4.0,2,0.2,25,0,1201,1806,129900
0,2.0,1,0.26,25,0,1201,1904,259900
1,1.0,1,0.2,25,0,1201,1495,149900
0,1.0,2,0.11,4,0,1040,1669,239900
1,1.0,2,0.3,23,0,1237,500,200000
1,3.0,2,1.03,27,0,1223,1222,18900
1,5.0,2,3.0,41,0,1235,1735,65000
1,3.0,2,3.0,41,0,1235,1028,65000
0,3.0,1,0.53,2,0,1030,1433,439900
1,1.0,2,25.99,42,0,1226,1845,1395000
0,5.0,2,0.11,25,0,1201,1919,174500
1,1.0,2,3.11,41,0,1235,1677,55000
1,4.0,1,0.19,41,0,1235,1913,275000
0,5.0,1,0.08,25,0,1201,1428,149900
1,3.0,1,0.17,35,0,1247,1320,139000
0,2.0,2,100.0,41,0,1235,1749,150000
0,3.0,1,0.15,25,0,1201,1937,219900
0,4.0,1,0.37,22,0,1253,1934,345000
0,3.0,1,10.0,35,0,1247,1180,100000
0,3.0,2,0.53,27,0,1223,1010,19999
0,2.0,1,0.13,25,0,1201,1600,259000
0,1.0,1,0.28,25,0,1201,1363,169000
0,2.0,1,0.18,25,0,1201,1548,217900
1,2.0,2,1.97,5,0,1089,1726,414900
1,1.0,2,5.83,34,0,1270,1000,95000
0,3.0,1,0.42,25,0,1201,1931,275000
0,1.0,2,1.18,36,0,1240,1299,559900
1,1.0,1,0.12,25,0,1201,1125,269000
0,1.0,1,0.13,25,0,1201,1587,169900
0,4.0,1,4.38,23,0,1237,1250,149000
0,4.0,2,5.49,36,0,1240,1246,400000
0,5.0,2,3.0,43,0,1339,1616,100000
0,3.0,2,0.29,7,0,1013,1800,85000
0,3.0,2,0.23,13,0,1085,1332,314900
0,4.0,2,0.24,35,0,1247,1953,119900
0,2.0,2,24.77,35,0,1247,1107,75000
0,2.0,2,0.07,35,0,1247,1531,139000
1,1.0,2,18.0,44,0,1050,1783,75000
0,4.0,1,0.35,27,0,1223,1174,347600
0,4.0,1,0.73,4,0,1040,1082,225000
0,4.0,2,0.18,27,0,1223,1141,181999
0,1.0,2,0.13,25,0,1201,1008,110000
0,4.0,2,2.73,35,0,1247,1901,39900
0,3.0,1,0.23,25,0,1201,1031,149900
0,2.0,1,2.7,27,0,1223,1552,22500
0,2.0,2,0.17,42,0,1226,1615,289900
0,2.0,2,1.7,30,0,1220,1688,395000
1,1.0,1,2.92,27,0,1223,1774,34950
0,2.0,2,0.54,9,0,1060,1450,389900
1,1.0,2,0.37,35,0,1247,1647,249000
0,5.0,1,0.13,30,0,1220,1381,115000
1,3.0,2,0.08,35,0,1247,1494,149900
0,2.0,1,1.07,35,0,1247,1679,39900
0,1.0,1,0.21,25,0,1201,1256,165000
0,1.0,2,0.61,2,0,1030,1348,589900
1,4.0,2,0.22,41,0,1235,1384,249900
0,2.0,1,1.44,40,0,1077,1486,749900
0,4.0,1,14.48,45,0,1096,1308,1390000
0,1.0,1,0.22,35,0,1247,1959,24900
0,1.0,2,100.5,28,0,1008,1864,1237542
1,1.0,1,0.21,30,0,1220,1918,199900
0,2.0,1,0.19,25,0,1201,1154,269000
1,4.0,1,0.16,25,0,1201,1281,219900
0,1.0,2,1.27,9,0,1060,1673,299000
0,2.0,2,0.23,41,0,1235,1020,649900
0,5.0,2,0.1,3,0,1107,1292,199919
0,5.0,1,0.14,4,0,1040,1787,249900
0,3.0,1,14.48,45,0,1038,1038,1390000
0,1.0,2,0.17,25,0,1201,1560,784900
1,3.0,2,0.68,2,0,1001,1351,195000
0,2.0,1,0.16,25,0,1201,1918,784900
0,5.0,1,0.08,25,0,1201,1887,784900
1,4.0,2,1.45,25,0,1201,1613,749000
1,2.0,1,0.13,25,0,1201,1964,784900
0,2.0,2,0.2,25,0,1201,1281,230000
1,3.0,1,0.32,25,0,1201,1080,59900
1,4.0,2,0.84,32,0,1267,1070,75000
0,1.0,1,1.34,36,0,1240,1280,364000
0,5.0,1,0.25,25,0,1201,1502,99900
0,2.0,1,47.26,27,0,1223,1334,80000
1,2.0,2,0.35,36,0,1240,1439,159000
0,4.0,2,1.0,44,0,1011,1283,225000
0,2.0,1,0.63,42,0,1226,1209,450000
1,2.0,1,1.5,42,0,1226,1480,179900
0,1.0,2,1.33,46,0,1223,1232,460000
1,3.0,2,3.3,17,0,1071,1509,49900
0,1.0,1,0.19,35,0,1247,1009,109900
0,3.0,1,0.82,37,0,1238,1343,385000
0,4.0,1,0.34,41,0,1235,1765,309900
0,2.0,2,0.2,25,0,1201,1296,239900
1,3.0,2,0.07,25,0,1201,1953,20000
0,2.0,1,1.92,36,0,1240,1542,490000
0,2.0,2,0.22,25,0,1201,1784,159900
1,2.0,2,0.77,27,0,1223,1216,17995
0,5.0,1,0.77,27,0,1223,1206,17995
0,3.0,1,0.31,25,0,1201,1353,27500
0,2.0,1,1.6,42,0,1226,1721,49900
0,1.0,2,0.97,13,0,1085,1048,374900
1,1.0,2,1.98,36,0,1240,1315,1250000
0,2.0,2,1.16,37,0,1238,1555,419000
1,4.0,2,0.22,25,0,1201,1892,184900
0,5.0,2,5.13,36,0,1240,1547,675000
0,2.0,2,0.23,25,0,1201,1525,539900
0,4.0,2,0.24,23,0,1237,1256,185000
0,3.0,2,0.26,25,0,1201,1733,285000
1,1.0,2,2.16,47,0,1370,1153,70000
0,3.0,1,0.96,25,0,1201,1990,414999
0,4.0,2,1.66,13,0,1085,1998,670000
0,1.0,2,0.84,21,0,1247,1631,75000
0,5.0,1,0.26,4,0,1040,1295,69000
0,4.0,1,0.3,41,0,1235,1626,699000
0,4.0,1,0.22,25,0,1201,1957,175000
0,2.0,1,163.61,23,0,1237,1428,1500000
0,2.0,1,2.07,24,0,1050,1500,100000
1,5.0,1,2.07,24,0,1050,1426,100000
0,3.0,1,0.23,9,0,1062,1632,119000
0,2.0,1,5.46,48,0,1026,1634,144000
0,1.0,2,0.25,18,0,1075,1920,110000
0,2.0,2,0.13,25,0,1201,1585,129900
0,5.0,1,0.04,41,0,1235,1253,145000
0,3.0,1,0.25,44,0,1011,1509,115900
0,1.0,1,9.5,24,0,1050,1631,55000
0,5.0,1,7.03,26,0,1070,1861,25000
0,5.0,1,0.19,34,0,1270,1697,26900
1,1.0,2,3.01,38,0,1225,1947,45000
1,1.0,2,3.74,44,0,1011,1166,24900
0,5.0,1,0.56,25,0,1201,1888,649900
1,1.0,2,0.3,25,0,1201,1536,399900
0,5.0,2,12.25,49,0,1235,1850,139900
0,4.0,2,0.34,25,0,1201,1451,175000
1,5.0,2,20.22,39,0,1330,1447,699000
0,3.0,1,0.84,37,0,1238,1388,269000
0,1.0,1,0.71,25,0,1201,1620,239000
0,3.0,2,3.87,5,0,1089,1279,375000
1,4.0,2,46.0,50,0,1098,1208,750000
0,1.0,2,0.23,30,0,1220,1204,209900
0,5.0,1,0.02,30,0,1220,1736,99900
0,1.0,1,0.36,30,0,1220,1097,38500
0,2.0,2,58.0,51,0,1256,1671,975000
1,2.0,2,0.28,35,0,1247,1882,185000
0,2.0,2,0.46,25,0,1201,1351,299900
0,4.0,2,34.0,32,0,1267,1992,3200000
0,5.0,2,0.23,25,0,1201,1420,299999
0,4.0,1,0.17,7,0,1013,1654,195500
1,4.0,2,0.18,25,0,1201,1910,219900
1,3.0,2,0.75,25,0,1201,1746,459900
1,2.0,1,0.18,25,0,1201,1493,224900
1,5.0,1,196.1,23,0,1237,1947,999000
0,2.0,1,0.41,32,0,1267,1590,549000
0,2.0,1,0.78,25,0,1201,1289,639900
0,3.0,2,9.75,38,0,1225,1245,421760
0,3.0,2,10.21,38,0,1225,1817,421190
0,3.0,2,0.69,40,0,1077,1810,549000
1,2.0,1,0.13,25,0,1201,1292,475000
0,2.0,1,10.01,38,0,1225,1497,428218
0,5.0,2,1.11,40,0,1077,1462,629000
0,5.0,1,69.9,46,0,1223,1995,339000
1,4.0,2,0.34,25,0,1201,1015,80000
0,4.0,1,0.91,35,0,1247,1773,179900
0,1.0,1,0.25,4,0,1040,1261,215000
1,2.0,2,21.24,44,0,1011,1926,90000
0,4.0,1,3.99,52,0,1038,1763,65000
0,4.0,2,6.75,44,0,1011,1618,40000
0,4.0,1,3.49,44,0,1011,1418,20000
0,4.0,1,3.43,44,0,1011,1877,20000
0,5.0,1,2.8,22,0,1253,1995,47500
1,5.0,1,1.8,21,0,1247,1633,347000
0,4.0,2,0.11,25,0,1201,1298,110000
1,4.0,1,4.6,27,0,1223,1562,299999
0,4.0,1,3.8,21,0,1247,1252,315000
0,3.0,1,0.3,25,0,1201,1782,250000
0,2.0,1,0.06,25,0,1201,1633,119900
1,1.0,1,14.32,23,0,1237,1910,129900
0,1.0,1,3.81,53,0,1243,1512,36000
0,1.0,2,0.13,30,0,1220,1668,369900
1,2.0,2,185.0,41,0,1235,1415,575000
0,2.0,2,0.76,25,0,1201,1664,589900
1,5.0,2,37.12,41,0,1235,1397,149900
0,3.0,2,3.0,50,0,1098,1953,89000
1,1.0,2,0.14,35,0,1247,1838,85000
0,4.0,1,0.46,35,0,1247,1264,199000
1,2.0,1,0.36,25,0,1201,1834,279900
1,2.0,2,0.3,38,0,1225,1103,225000
1,3.0,2,0.27,25,0,1201,1034,269500
0,1.0,2,0.29,25,0,1201,1513,219900
1,2.0,2,0.11,13,0,1085,1328,235000
0,1.0,2,1.13,42,0,1226,1053,760000
0,1.0,2,0.38,9,0,1060,1156,689000
1,5.0,1,0.16,25,0,1201,1811,239900
1,1.0,2,4.98,5,0,1089,1869,450000
0,2.0,2,1.28,21,0,1247,1622,69000
1,4.0,1,0.18,25,0,1201,1349,229900
0,3.0,2,0.46,27,0,1223,1408,24900
0,2.0,2,0.26,15,0,1027,1886,399000
1,1.0,1,0.49,47,0,1370,1699,595000
0,2.0,2,0.49,47,0,1370,1702,615000
1,2.0,2,0.49,47,0,1370,1995,375000
1,5.0,2,1.65,9,0,1060,1761,239900
0,5.0,1,5.0,54,0,1338,1807,61500
0,5.0,1,19.23,19,0,1073,1612,285000
0,2.0,1,2.0,22,0,1253,1786,249000
0,4.0,1,0.56,38,0,1225,1007,249000
1,5.0,2,0.36,30,0,1220,1486,99000
1,3.0,2,3.62,34,0,1270,1194,449900
0,4.0,1,0.15,15,0,1027,1102,195000
0,2.0,1,0.43,30,0,1220,1599,165000
0,1.0,1,0.61,30,0,1220,1860,269900
0,5.0,1,2.93,27,0,1223,1470,19900
0,2.0,1,0.23,25,0,1201,1515,170000
0,2.0,1,0.25,30,0,1220,1813,139900
0,4.0,1,0.17,36,0,1240,1339,299000
1,1.0,1,4.9,27,0,1223,1141,50000
0,4.0,1,0.35,5,0,1089,1882,295000
0,3.0,2,1.67,32,0,1267,1508,189000
0,5.0,1,0.17,25,0,1201,1394,119900
0,3.0,1,1.99,2,0,1001,1715,200000
0,2.0,1,0.29,55,0,1301,1905,184900
1,5.0,2,0.15,25,0,1201,1905,199900
0,2.0,1,0.2,30,0,1220,1339,275000
0,3.0,2,0.9,25,0,1201,1814,699000
0,3.0,2,0.87,2,0,1001,1215,239900
1,3.0,1,0.5,5,0,1089,1889,725000
1,4.0,1,2.0,2,0,1030,1266,389900
1,3.0,1,0.18,25,0,1201,1932,159000
1,5.0,1,0.6,15,0,1027,1152,899900
0,1.0,1,0.26,5,0,1089,1377,249400
0,2.0,1,0.45,32,0,1267,1352,700000
0,1.0,2,4.1,56,0,1085,1530,150000
0,2.0,2,1.9,25,0,1201,1621,572310
1,5.0,1,1.38,9,0,1060,1817,325000
0,1.0,1,0.93,40,0,1077,1599,600000
1,3.0,1,13.21,40,0,1077,1108,395000
1,4.0,1,0.94,40,0,1077,1643,675000
0,2.0,1,1.35,2,0,1001,1250,489900
1,5.0,2,1.38,2,0,1001,1915,489900
0,4.0,1,0.33,2,0,1001,1220,489900
0,2.0,1,1.14,2,0,1001,1930,489900
1,5.0,1,1.3,2,0,1001,1999,489900
1,2.0,2,0.21,25,0,1201,1690,199000
1,1.0,1,0.21,41,0,1235,1350,89000
1,3.0,2,0.08,30,0,1220,1586,150000
1,1.0,1,2.8,21,0,1247,1917,126000
1,5.0,1,0.18,25,0,1201,1635,213900
0,4.0,1,2.07,24,0,1050,1531,399000
0,4.0,2,0.77,25,0,1201,1031,269000
1,3.0,2,0.24,25,0,1201,1499,169000
1,2.0,1,12.59,57,0,1247,1499,120000
1,3.0,2,1.1,35,0,1247,1630,349000
1,2.0,1,1.59,36,0,1240,1008,134000
0,1.0,2,0.66,4,0,1040,1532,349900
0,1.0,1,0.13,4,0,1040,1089,279900
1,5.0,2,0.12,4,0,1040,1802,214900
0,4.0,1,1.31,9,0,1053,1106,269000
1,3.0,2,1.88,40,0,1077,1721,524999
1,5.0,1,0.24,5,0,1089,1207,349900
1,4.0,1,0.86,38,0,1225,1636,59500
0,1.0,1,3.29,28,0,1008,1283,53500
0,1.0,1,3.29,28,0,1008,1227,53500
0,4.0,2,1.58,35,0,1247,1629,54900
0,1.0,2,1.39,35,0,1247,1269,54900
1,3.0,1,0.25,9,0,1062,1561,425000
0,1.0,1,7.44,19,0,1073,1560,624900
0,5.0,1,0.91,15,0,1027,1634,349900
0,4.0,2,0.46,5,0,1089,1235,285000
0,5.0,1,0.5,13,0,1085,1442,329000
0,5.0,1,0.15,42,0,1226,1251,209900
1,4.0,2,1.89,5,0,1089,1582,229900
0,1.0,1,0.12,25,0,1201,1564,189900
0,1.0,2,0.18,9,0,1060,1163,824900
1,5.0,1,0.55,7,0,1020,1841,215000
1,5.0,2,125.0,56,0,1071,1904,399000
0,1.0,1,0.75,13,0,1085,1244,749900
0,2.0,1,0.26,4,0,1040,1601,289900
1,2.0,2,33.43,58,0,1027,1640,2650000
0,1.0,2,1.65,15,0,1027,1205,385000
0,5.0,1,0.63,15,0,1027,1876,365000
0,1.0,2,1.48,13,0,1085,1018,220000
0,1.0,2,1.84,41,0,1235,1178,175000
0,3.0,1,2.51,59,0,1093,1339,189900
1,3.0,2,0.66,22,0,1253,1602,75000
1,3.0,2,23.13,26,0,1070,1056,79000
0,5.0,1,23.13,26,0,1070,1729,79000
0,1.0,2,7.39,49,0,1235,1855,319900
0,4.0,2,2.5,57,0,1247,1833,599000
1,3.0,2,0.11,35,0,1247,1148,229000
1,3.0,2,0.08,35,0,1247,1345,189000
1,4.0,2,0.25,30,0,1220,1068,199900
0,3.0,1,0.14,4,0,1040,1777,185000
1,3.0,1,0.16,35,0,1247,1746,59900
0,4.0,1,1.86,30,0,1220,1065,368900
0,5.0,1,0.16,9,0,1053,1021,249900
0,1.0,1,0.25,4,0,1040,1350,265000
0,5.0,2,0.27,27,0,1223,1087,259900
1,5.0,2,3.34,37,0,1238,1724,599000
0,1.0,2,2.4,27,0,1223,1646,220000
0,1.0,1,0.36,2,0,1001,1679,289900
1,1.0,2,0.9,2,0,1030,1439,225000
0,2.0,2,0.13,23,0,1237,1757,375000
0,4.0,1,1.11,13,0,1085,1856,539000
1,3.0,2,0.37,13,0,1085,1512,324900
1,1.0,2,0.13,7,0,1013,1276,324999
1,3.0,1,1.33,35,0,1247,1035,197500
0,3.0,2,0.5,15,0,1027,1161,232900
1,5.0,2,0.19,25,0,1201,1363,199900
1,4.0,2,5.83,56,0,1085,1770,725000
0,1.0,1,7.34,9,0,1062,1023,185000
0,4.0,2,0.33,13,0,1085,1286,274900
0,4.0,1,0.12,25,0,1201,1002,209000
0,2.0,2,0.48,19,0,1073,1732,319000
0,3.0,2,0.17,25,0,1201,1824,215000
0,3.0,1,0.7,25,0,1201,1537,259900
0,1.0,2,0.13,7,0,1013,1971,900000
0,4.0,1,0.11,7,0,1013,1837,259900
1,1.0,2,0.21,45,0,1096,1528,319900
0,3.0,2,2.0,45,0,1096,1951,1290000
0,5.0,2,0.19,30,0,1220,1413,395000
0,5.0,1,0.93,15,0,1027,1789,549900
0,4.0,1,0.13,2,0,1030,1906,375000
1,2.0,1,22.44,40,0,1077,1646,2200000
0,1.0,2,0.06,25,0,1201,1822,169000
0,4.0,1,0.93,21,0,1247,1580,249900
0,5.0,2,0.23,42,0,1226,1968,159900
0,2.0,1,1.6,57,0,1367,1502,235000
0,5.0,1,0.21,35,0,1247,1843,450000
0,5.0,1,1.0,21,0,1247,1683,59900
1,5.0,2,0.14,42,0,1226,1463,214900
1,2.0,1,0.21,30,0,1220,1854,170000
0,3.0,1,25.4,45,0,1096,1951,365000
0,4.0,2,5.55,34,0,1270,1499,119000
0,5.0,2,0.39,25,0,1201,1507,219900
1,5.0,2,1.63,2,0,1001,1031,779900
0,4.0,2,0.5,25,0,1201,1907,599000
1,5.0,1,1.09,25,0,1201,1314,164900
0,4.0,2,0.14,4,0,1040,1211,289000
0,1.0,1,1.7,38,0,1225,1339,529000
1,2.0,1,0.69,23,0,1237,1902,699000
0,4.0,2,0.59,13,0,1085,1454,324900
0,2.0,1,1.61,40,0,1077,1386,330000
0,2.0,2,1.7,35,0,1247,1910,475000
1,1.0,2,0.57,7,0,1020,1922,215000
0,1.0,1,1.21,52,0,1088,1395,329000
1,2.0,1,0.4,15,0,1027,1107,449000
0,3.0,1,1.25,22,0,1253,1595,409000
1,5.0,2,3.11,27,0,1223,1257,34950
0,1.0,2,0.21,5,0,1089,1414,324900
0,1.0,1,0.37,22,0,1253,1035,709000
0,1.0,1,0.24,2,0,1001,1395,335000
1,3.0,2,0.11,2,0,1001,1856,275000
1,3.0,1,0.5,9,0,1062,1197,399999
0,5.0,2,0.49,9,0,1062,1577,829900
0,4.0,1,0.17,40,0,1077,1708,274900
0,5.0,1,0.34,15,0,1027,1920,350000
1,3.0,2,0.23,25,0,1201,1446,269000
1,4.0,1,0.68,27,0,1223,1274,14999
1,2.0,1,0.84,27,0,1223,1651,23900
1,5.0,1,0.2,35,0,1247,1636,18000
0,2.0,1,0.12,5,0,1089,1544,279000
0,3.0,2,0.63,27,0,1223,1828,44900
0,4.0,1,0.13,4,0,1040,1363,1500000
1,3.0,1,1.57,32,0,1267,1500,179900
1,1.0,1,9.34,60,0,1032,1007,110000
0,4.0,1,14.06,60,0,1032,1324,110000
0,5.0,1,12.23,60,0,1032,1775,110000
1,2.0,1,0.12,35,0,1247,1493,129900
0,5.0,1,1.84,41,0,1235,1682,90000
1,3.0,2,14.54,44,0,1011,1220,49000
0,2.0,2,0.2,25,0,1201,1866,159900
1,2.0,1,0.16,25,0,1201,1537,249900
0,1.0,1,0.51,25,0,1201,1558,699900
0,1.0,2,3.56,27,0,1223,1694,37000
0,1.0,2,0.88,30,0,1220,1158,67900
1,3.0,1,0.7,30,0,1220,1441,56900
0,3.0,1,0.8,30,0,1220,1282,59900
0,4.0,2,0.2,25,0,1201,1574,219900
1,3.0,2,31.0,45,0,1096,1855,550000
0,5.0,2,0.24,5,0,1089,1776,235000
1,3.0,1,0.46,2,0,1001,1953,384900
0,4.0,1,0.17,25,0,1201,1345,265000
0,1.0,2,0.31,4,0,1040,1254,365000
1,5.0,2,0.27,7,0,1013,1536,259900
1,5.0,1,3.62,27,0,1223,1854,40000
1,2.0,1,0.41,32,0,1267,1786,359900
1,5.0,1,0.46,2,0,1001,1798,239900
1,4.0,1,0.32,2,0,1001,1660,239900
0,2.0,2,1.0,13,0,1085,1503,237900
0,1.0,2,0.13,3,0,1107,1007,229900
0,1.0,1,1.84,58,0,1027,1251,499900
1,4.0,1,2.47,27,0,1223,1985,40000
1,2.0,1,0.13,4,0,1040,1357,300000
0,3.0,2,0.17,3,0,1107,1828,299999
1,4.0,2,0.54,27,0,1223,1969,24000
1,1.0,1,0.5,27,0,1223,1071,24000
0,3.0,1,0.29,9,0,1060,1949,750000
0,2.0,2,0.39,9,0,1062,1376,230000
1,1.0,1,0.39,9,0,1062,1221,230000
1,2.0,1,0.39,9,0,1062,1914,230000
0,3.0,2,0.39,9,0,1062,1663,225000
1,1.0,1,0.39,9,0,1062,1404,225000
1,1.0,2,0.39,9,0,1062,1827,225000
0,4.0,2,0.5,2,0,1030,1309,760000
1,4.0,2,0.69,30,0,1220,1278,39900
0,4.0,1,10.12,48,0,1026,1659,50000
0,1.0,2,17.84,24,0,1050,1685,380000
1,4.0,1,0.4,45,0,1096,1089,265000
1,1.0,1,0.16,25,0,1201,1747,209000
0,5.0,2,4.83,57,0,1247,1497,259000
1,2.0,1,0.18,4,0,1040,1166,249900
0,1.0,2,0.13,4,0,1040,1363,225000
1,1.0,1,0.17,25,0,1201,1949,139900
0,3.0,2,2.58,19,0,1073,1878,489900
1,1.0,2,0.21,36,0,1240,1096,260000
1,3.0,2,0.84,15,0,1027,1653,399900
0,2.0,2,0.5,27,0,1223,1863,425000
1,3.0,1,0.65,13,0,1085,1346,219900
0,5.0,2,1.8,25,0,1201,1507,649900
0,5.0,2,1.95,36,0,1240,1093,639000
1,3.0,2,0.21,7,0,1013,1677,269900
1,3.0,2,0.8,15,0,1027,1027,309000
1,4.0,2,0.5,24,0,1050,1856,349900
0,3.0,1,1.92,15,0,1027,1577,474900
0,1.0,2,2.32,29,0,1034,1615,47000
1,3.0,2,0.51,13,0,1085,1690,250000
0,2.0,2,0.17,4,0,1040,1806,299987
0,3.0,1,0.28,7,0,1013,1589,425000
0,4.0,1,1.2,4,0,1040,1979,324900
0,5.0,1,0.28,2,0,1030,1465,300000
0,2.0,1,0.13,4,0,1040,1341,229000
0,5.0,1,0.32,5,0,1089,1269,229900
0,4.0,2,0.29,2,0,1030,1124,265900
1,5.0,2,0.55,13,0,1085,1658,399900
1,1.0,2,0.21,7,0,1013,1904,474500
0,3.0,1,0.13,5,0,1089,1736,299000
1,3.0,2,0.17,13,0,1085,1767,259900
1,2.0,2,0.16,25,0,1201,1997,339900
0,4.0,1,0.21,5,0,1089,1371,369900
1,2.0,1,0.15,25,0,1201,1912,225000
0,5.0,2,0.16,25,0,1201,1338,299900
1,2.0,2,0.29,25,0,1201,1364,697000
0,4.0,2,1.7,38,0,1225,1646,43900
1,3.0,2,0.1,35,0,1247,1592,49999
1,1.0,2,0.14,9,0,1062,1312,105000
1,4.0,2,2.03,61,0,1012,1962,374900
0,1.0,1,1.05,13,0,1085,1526,60000
1,2.0,1,0.3,35,0,1247,1563,239900
0,4.0,1,1.44,9,0,1060,1115,50000
0,1.0,2,0.34,2,0,1001,1901,180000
0,3.0,2,0.69,28,0,1008,1580,675000
0,1.0,2,0.5,38,0,1225,1924,324900
0,2.0,1,0.12,62,1,601,1420,105000
1,5.0,2,0.08,62,1,601,1479,80000
0,1.0,1,0.15,63,1,795,1587,67000
1,1.0,2,0.1,64,1,731,1362,145000
0,4.0,1,0.05,65,1,680,1178,65000
0,4.0,1,0.46,66,1,612,1342,179000
1,4.0,2,0.2,67,1,639,1707,50000
1,4.0,2,0.08,64,1,731,1353,71600
1,3.0,2,0.09,64,1,730,1466,100000
0,2.0,2,7.46,68,1,670,1161,300000
0,4.0,1,13.39,69,1,662,1546,89000
0,3.0,1,0.08,63,1,795,1375,150000
0,3.0,2,0.1,70,1,669,1612,155000
0,5.0,2,0.12,71,1,641,1788,79000
0,3.0,2,0.74,64,1,731,1815,649000
0,2.0,2,0.08,72,1,698,1718,120000
1,3.0,1,0.22,65,1,680,1328,235000
0,5.0,1,0.08,64,1,728,1048,105000
0,4.0,1,3.88,66,1,685,1125,575000
0,1.0,2,0.25,73,1,610,1360,140000
0,2.0,1,0.23,72,1,698,1294,50000
1,3.0,1,0.1,74,1,676,1903,165000
0,4.0,1,2.0,75,1,769,1472,189000
0,2.0,1,1.98,64,1,716,1163,115000
0,4.0,1,0.05,72,1,698,1490,122500
0,1.0,2,0.28,66,1,685,1049,255000
0,2.0,2,0.3,64,1,730,1290,425000
0,3.0,2,0.11,76,1,656,1575,93000
0,2.0,1,0.04,77,1,676,1765,75000
0,1.0,1,0.69,69,1,662,1915,469000
1,3.0,1,1.75,78,1,766,1206,189000
1,3.0,2,0.12,64,1,717,1408,225000
0,2.0,2,3.08,79,1,757,1168,495000
0,5.0,1,0.1,64,1,730,1772,220000
1,3.0,2,0.23,72,1,698,1858,70500
0,1.0,1,1.13,74,1,676,1144,305000
0,5.0,2,4.84,66,1,685,1512,475000
1,1.0,1,1.94,71,1,641,1450,195000
1,1.0,1,0.24,68,1,670,1399,120000
0,4.0,2,0.46,65,1,680,1268,650000
0,3.0,2,0.16,64,1,730,1467,555000
0,4.0,1,0.94,80,1,624,1745,3900000
0,3.0,1,0.99,74,1,676,1283,400000
0,5.0,2,18.45,81,1,659,1524,380000
0,3.0,1,0.1,82,1,602,1227,95000
0,1.0,2,0.09,82,1,602,1799,74000
0,2.0,1,0.15,82,1,602,1139,139500
0,1.0,2,0.26,82,1,602,1904,149900
0,5.0,1,0.24,82,1,602,1877,180000
1,3.0,2,0.13,82,1,602,1714,249000
0,4.0,1,0.23,82,1,602,1433,252000
0,4.0,2,1.95,82,1,602,1966,160000
1,5.0,2,0.07,82,1,602,1201,90000
0,5.0,1,1.78,82,1,602,1485,500000
0,4.0,2,0.1,82,1,602,1020,339000
0,3.0,1,0.08,82,1,602,1139,265000
0,1.0,1,0.12,82,1,602,1318,10000000
0,3.0,1,2.0,82,1,602,1796,389000
1,2.0,1,2.96,82,1,602,1581,575000
0,4.0,1,0.88,82,1,602,1590,35000
0,4.0,2,0.21,82,1,602,1182,58000
1,4.0,2,21.08,82,1,602,1073,85000
0,2.0,1,0.57,82,1,602,1923,47000
1,3.0,2,1.31,82,1,602,1364,720000
1,3.0,1,0.31,82,1,602,1096,375000
0,5.0,1,0.65,82,1,602,1702,50000
1,1.0,1,0.06,83,1,602,1937,3250000
0,2.0,2,0.24,82,1,602,1574,39500
0,2.0,2,33.35,82,1,602,1759,249500
0,2.0,1,8.74,82,1,602,1792,1399000
0,5.0,1,0.1,82,1,602,1273,600000
1,1.0,2,2.64,82,1,602,1578,649000
1,3.0,1,0.97,82,1,602,1824,189000
0,1.0,2,1.46,82,1,602,1191,150000
1,5.0,1,0.21,82,1,602,1692,74000
0,2.0,1,0.28,82,1,602,1740,65500
1,4.0,1,0.28,82,1,602,1016,67500
0,1.0,2,0.21,82,1,602,1075,74000
1,2.0,1,0.42,82,1,602,1906,130000
1,3.0,2,0.37,82,1,602,1398,95000
0,4.0,1,0.23,83,1,602,1860,329000
1,5.0,2,0.68,82,1,602,1557,130000
0,3.0,1,0.25,82,1,602,1731,94770
0,5.0,1,0.38,82,1,602,1344,150000
0,5.0,2,0.4,82,1,602,1377,165000
1,5.0,2,0.22,84,1,603,1467,215000
1,2.0,1,0.05,84,1,603,1687,63000
0,3.0,2,0.22,84,1,603,1898,215000
1,2.0,1,0.2,84,1,603,1379,115000
0,5.0,2,0.89,84,1,603,1714,99000
0,3.0,2,0.62,84,1,603,1433,850000
0,5.0,2,0.11,84,1,603,1121,140000
0,1.0,1,0.26,84,1,603,1183,499000
1,3.0,1,0.17,84,1,603,1590,180000
1,1.0,1,0.49,84,1,603,1290,225900
0,1.0,2,0.12,84,1,603,1375,260000
0,1.0,2,0.13,84,1,603,1364,31179
1,4.0,2,0.33,84,1,603,1858,500000
0,3.0,1,0.21,82,1,603,1600,225000
1,5.0,2,0.25,84,1,603,1333,28000
0,3.0,2,0.95,84,1,603,1186,425000
0,2.0,1,10.76,84,1,603,1306,300000
0,5.0,2,0.19,84,1,603,1494,75000
1,3.0,1,0.15,84,1,603,1552,290000
0,1.0,1,0.2,84,1,603,1122,550000
0,2.0,2,0.18,84,1,603,1104,234900
1,2.0,1,0.18,84,1,603,1859,44720
1,4.0,2,0.4,84,1,603,1721,35000
1,5.0,2,0.4,84,1,603,1939,75000
0,4.0,2,0.42,84,1,603,1239,37000
0,4.0,2,0.22,84,1,603,1199,37359
0,3.0,1,2.43,84,1,603,1656,739500
0,4.0,1,0.28,84,1,603,1457,65000
1,4.0,2,0.33,84,1,603,1942,56406
0,1.0,1,0.52,84,1,603,1678,620000
0,1.0,1,0.19,84,1,603,1060,649900
0,3.0,2,0.26,84,1,603,1756,44995
1,5.0,1,0.22,84,1,603,1163,37779
0,1.0,1,0.35,84,1,603,1659,60123
0,1.0,2,0.23,84,1,603,1160,38279
0,4.0,1,11.0,82,1,603,1998,199900
0,3.0,2,0.22,84,1,603,1791,125000
0,1.0,1,0.49,84,1,603,1059,200000
1,1.0,2,0.2,84,1,603,1512,150000
1,4.0,1,247.57,69,1,603,1281,8000000
0,5.0,1,5.0,84,1,603,1547,1000000
0,4.0,1,1.89,84,1,603,1180,695000
0,2.0,2,4.55,85,1,606,1328,98000
0,4.0,2,5.14,85,1,606,1203,55000
0,2.0,2,4.86,85,1,606,1460,75000
0,2.0,2,0.35,85,1,606,1357,80000
1,4.0,1,12.25,85,1,606,1892,160000
0,5.0,2,1.23,65,1,680,1730,46900
1,4.0,1,0.09,86,1,660,1534,125000
1,1.0,1,0.15,87,1,653,1139,95000
0,2.0,2,0.08,64,1,728,1737,105000
1,1.0,1,1.75,88,1,623,1498,330000
0,2.0,2,0.09,65,1,680,1446,115000
0,5.0,2,4.74,88,1,623,1015,285000
0,1.0,2,7.46,68,1,670,1674,300000
1,1.0,1,0.1,70,1,669,1654,155000
0,1.0,2,0.11,65,1,680,1349,215000
1,5.0,2,1.39,88,1,623,1017,115000
0,3.0,1,0.14,65,1,680,1711,140000
0,5.0,1,0.04,65,1,682,1939,87000
0,1.0,2,0.08,88,1,623,1829,250000
0,1.0,1,0.08,89,1,683,1267,70000
0,3.0,1,0.08,65,1,680,1860,190000
1,1.0,2,0.05,72,1,698,1421,122500
0,2.0,1,3.88,66,1,685,1058,575000
0,3.0,1,0.22,65,1,680,1568,235000
1,4.0,1,0.07,89,1,683,1210,150000
0,2.0,2,0.52,88,1,623,1518,750000
0,5.0,1,0.86,65,1,682,1995,125000
0,5.0,1,0.17,83,1,677,1588,950000
0,3.0,2,1.8,82,1,677,1159,1200000
0,5.0,2,0.4,90,1,667,1885,495000
0,1.0,1,0.19,65,1,682,1979,90000
0,3.0,1,0.25,88,1,623,1746,395000
1,4.0,2,0.99,65,1,680,1470,82000
1,4.0,2,1.34,88,1,623,1062,389000
0,3.0,2,0.46,65,1,680,1021,650000
0,2.0,2,0.2,88,1,623,1964,45000
0,4.0,2,0.26,88,1,623,1688,65000
1,1.0,1,0.49,88,1,623,1562,80000
1,3.0,1,2.82,88,1,623,1619,120000
0,4.0,2,0.28,88,1,623,1778,70000
0,3.0,2,0.99,74,1,676,1967,400000
0,2.0,2,20.4,86,1,660,1426,391000
0,2.0,2,14.34,88,1,623,1267,160000
1,4.0,2,16.22,88,1,623,1436,290000
0,2.0,1,17.97,86,1,660,1122,835000
1,3.0,2,0.44,65,1,680,1920,159000
0,4.0,2,0.25,73,1,610,1134,79000
0,2.0,2,0.15,73,1,610,1266,149900
0,2.0,2,0.25,73,1,610,1540,140000
0,1.0,2,0.13,73,1,610,1778,106000
1,5.0,1,0.11,73,1,610,1797,165000
0,1.0,1,0.13,73,1,610,1779,499000
0,2.0,2,0.25,73,1,610,1537,79000
1,3.0,2,0.37,73,1,610,1275,140000
0,2.0,2,1.82,65,1,680,1398,46900
0,5.0,1,13.39,69,1,662,1801,89000
1,4.0,2,0.1,70,1,669,1985,155000
0,5.0,1,0.09,86,1,660,1355,125000
0,3.0,1,0.14,65,1,680,1172,140000
0,1.0,1,0.09,65,1,680,1650,115000
0,3.0,1,0.04,77,1,676,1716,75000
0,5.0,2,0.08,89,1,683,1508,70000
0,4.0,2,0.11,84,1,603,1308,140000
0,2.0,1,0.1,74,1,676,1474,165000
0,2.0,1,0.08,65,1,680,1083,190000
1,2.0,1,0.11,65,1,680,1338,215000
0,4.0,1,0.04,65,1,682,1404,87000
0,3.0,1,0.76,69,1,662,1404,450000
0,1.0,1,0.22,65,1,680,1004,235000
1,2.0,2,3.88,66,1,685,1065,575000
1,4.0,1,7.46,68,1,670,1567,300000
0,5.0,2,1.13,74,1,676,1279,305000
0,4.0,2,1.92,82,1,602,1483,160000
1,4.0,2,0.21,82,1,603,1685,225000
0,4.0,1,0.69,69,1,662,1384,469000
1,5.0,2,0.21,69,1,662,1058,485000
0,3.0,2,0.19,65,1,682,1892,90000
1,1.0,2,4.84,66,1,685,1386,475000
0,2.0,1,0.52,84,1,603,1614,620000
1,3.0,2,0.12,84,1,603,1514,260000
0,4.0,2,0.83,65,1,680,1080,82000
0,3.0,1,1.47,65,1,682,1567,125000
0,2.0,1,0.1,82,1,602,1276,339000
0,2.0,1,0.97,69,1,662,1427,1800000
0,1.0,1,16.0,69,1,662,1271,975000
0,2.0,1,1.8,82,1,677,1348,1200000
0,2.0,1,0.17,83,1,677,1568,950000
0,3.0,2,0.79,88,1,623,1965,389000
0,5.0,1,0.46,65,1,680,1794,650000
0,4.0,1,0.99,74,1,676,1437,400000
1,5.0,2,0.49,83,1,677,1935,950000
0,5.0,1,14.34,88,1,623,1492,160000
0,5.0,2,1.44,83,1,677,1781,349000
1,1.0,1,20.4,86,1,660,1576,391000
0,3.0,2,0.44,65,1,680,1338,159000
0,2.0,1,17.97,86,1,660,1392,835000
0,1.0,1,1.97,91,1,612,1295,39900
0,2.0,1,0.52,91,1,612,1371,29900
1,4.0,1,0.13,91,1,612,1078,475000
0,3.0,2,0.24,91,1,612,1778,200000
0,4.0,1,0.1,91,1,612,1843,84900
0,5.0,1,0.49,91,1,612,1705,148000
0,3.0,2,0.14,91,1,612,1196,39500
0,5.0,1,0.45,91,1,612,1423,220000
0,4.0,2,0.27,91,1,612,1390,75000
0,2.0,1,0.13,91,1,612,1444,110000
1,5.0,1,0.49,91,1,612,1936,150000
1,5.0,1,0.09,91,1,612,1710,69900
0,3.0,2,0.09,91,1,612,1075,79000
0,1.0,2,0.09,91,1,612,1752,65000
0,5.0,2,0.08,91,1,612,1045,179000
1,4.0,2,0.86,91,1,612,1514,145000
0,3.0,1,0.13,91,1,612,1715,79000
0,5.0,1,0.42,91,1,612,1224,360000
1,4.0,1,0.46,66,1,612,1234,179000
0,4.0,1,0.03,91,1,612,1801,50000
1,5.0,1,0.25,91,1,612,1200,134900
0,1.0,2,0.08,91,1,612,1867,94600
0,5.0,2,0.34,91,1,612,1690,59900
0,5.0,1,0.31,91,1,612,1333,239000
0,4.0,1,0.19,91,1,612,1254,279000
0,2.0,2,4.89,91,1,612,1947,100000
0,3.0,2,1.48,91,1,612,1625,89000
0,4.0,1,0.25,91,1,612,1169,168000
0,2.0,2,0.29,91,1,612,1201,150000
0,5.0,2,0.26,91,1,612,1493,60000
1,1.0,2,0.13,91,1,612,1560,140000
0,4.0,2,0.1,91,1,612,1979,70000
0,5.0,2,0.06,91,1,612,1288,80000
1,4.0,2,0.13,91,1,612,1697,135000
0,4.0,1,0.24,91,1,612,1137,215000
0,2.0,1,0.17,92,1,612,1085,42900
1,4.0,1,0.25,91,1,612,1538,49900
0,1.0,1,0.25,91,1,612,1978,138000
1,3.0,2,0.2,91,1,612,1945,289000
1,3.0,1,0.25,91,1,612,1605,132000
1,3.0,2,0.14,91,1,612,1771,197000
0,4.0,1,0.71,91,1,612,1441,1200000
0,5.0,2,0.15,63,1,795,1822,67000
0,2.0,1,0.08,64,1,731,1897,71600
0,4.0,1,0.09,64,1,730,1053,100000
1,4.0,2,0.09,91,1,612,1378,69900
1,2.0,1,0.07,77,1,674,1427,185000
0,4.0,2,13.39,69,1,662,1254,89000
0,3.0,1,0.37,81,1,659,1756,200000
1,4.0,2,0.29,91,1,612,1269,150000
0,1.0,1,0.24,91,1,612,1759,200000
1,5.0,1,0.08,63,1,795,1571,150000
0,3.0,2,0.08,64,1,728,1901,105000
1,4.0,2,0.25,93,1,687,1302,210000
1,4.0,1,0.2,67,1,639,1767,50000
0,5.0,2,0.74,64,1,731,1979,649000
1,3.0,1,0.08,77,1,674,1932,105000
1,1.0,1,0.07,77,1,674,1160,113600
1,1.0,2,0.19,91,1,612,1717,279000
0,4.0,1,0.49,91,1,612,1835,150000
1,3.0,1,0.12,71,1,641,1598,79000
1,5.0,2,0.08,94,1,617,1074,174900
0,4.0,1,1.38,95,1,678,1761,3000000
1,4.0,2,0.3,64,1,730,1056,425000
1,2.0,2,0.12,64,1,717,1279,225000
0,5.0,2,1.94,71,1,641,1287,195000
0,3.0,1,0.07,96,1,693,1520,134000
1,4.0,2,0.25,96,1,693,1870,245000
1,2.0,1,0.09,97,1,727,1091,161000
0,1.0,1,0.83,96,1,693,1135,225000
1,4.0,2,0.22,77,1,674,1929,290000
0,2.0,2,0.21,94,1,617,1278,375000
0,2.0,1,1.75,78,1,766,1793,189000
1,1.0,1,0.21,92,1,627,1447,425000
1,4.0,1,0.56,95,1,678,1513,1100000
0,1.0,2,0.2,91,1,612,1698,289000
1,5.0,2,0.22,81,1,659,1072,418000
0,4.0,1,1.46,93,1,687,1030,365000
0,1.0,2,0.2,81,1,659,1077,55000
1,2.0,1,0.21,81,1,659,1201,62000
0,3.0,2,10.68,81,1,659,1959,350000
1,2.0,2,18.45,81,1,659,1389,380000
0,2.0,1,0.16,95,1,95000,1872,95000
0,1.0,2,0.29,92,1,627,1206,64900
0,5.0,1,0.27,94,1,617,1075,49900
0,1.0,2,0.05,94,1,617,1186,70000
0,2.0,2,0.08,94,1,617,1832,174900
0,1.0,1,0.09,94,1,617,1219,90000
0,5.0,1,0.21,94,1,617,1138,375000
0,5.0,1,0.08,94,1,617,1993,111000
1,4.0,2,0.09,94,1,617,1622,114400
0,4.0,2,0.14,94,1,617,1247,113500
1,3.0,2,0.08,98,1,646,1623,59200
0,4.0,2,0.07,99,1,949,1510,63800
0,3.0,2,0.09,100,1,953,1832,45000
0,3.0,2,0.07,77,1,674,1903,185000
0,3.0,1,0.11,98,1,646,1531,55000
0,1.0,1,0.05,65,1,680,1014,65000
0,4.0,2,0.61,101,1,692,1934,100000
0,3.0,1,0.24,91,1,612,1172,200000
0,2.0,1,0.19,102,1,783,1115,80000
0,4.0,2,1.22,103,1,719,1438,55000
0,5.0,2,0.2,67,1,639,1397,50000
1,5.0,1,0.25,93,1,687,1770,210000
1,5.0,1,0.08,100,1,953,1135,157500
0,3.0,1,0.08,77,1,674,1948,105000
0,1.0,1,0.19,98,1,646,1250,2000000
0,1.0,1,1.98,98,1,646,1616,11500000
0,5.0,2,0.07,77,1,674,1559,113600
0,1.0,1,0.19,91,1,612,1703,279000
0,4.0,2,0.12,71,1,641,1793,79000
0,5.0,1,0.24,98,1,646,1552,3500000
1,1.0,2,0.07,96,1,693,1682,134000
0,5.0,1,0.49,91,1,612,1001,150000
1,1.0,2,0.3,100,1,953,1346,270000
0,3.0,2,0.99,98,1,646,1316,5000000
0,2.0,2,0.15,100,1,953,1760,25000
0,5.0,2,0.2,103,1,719,1439,172000
0,3.0,2,0.2,91,1,612,1682,289000
0,1.0,2,0.09,97,1,727,1280,161000
0,1.0,2,0.1,100,1,953,1015,65000
0,3.0,1,0.19,98,1,646,1638,1325000
0,2.0,2,0.22,81,1,659,1299,418000
0,5.0,2,1.99,101,1,692,1441,625000
1,3.0,1,0.27,98,1,646,1676,465000
1,4.0,1,0.52,98,1,646,1635,575000
1,2.0,2,0.14,98,1,646,1727,1100000
0,5.0,2,0.1,98,1,646,1065,550000
0,3.0,1,0.12,98,1,646,1860,895000
1,4.0,1,1.41,101,1,646,1092,495000
1,2.0,1,0.07,101,1,692,1099,635000
1,4.0,2,0.2,81,1,659,1006,55000
1,1.0,1,0.21,81,1,659,1546,62000
0,5.0,1,1.78,98,1,646,1965,1125000
0,4.0,1,0.89,88,1,622,1688,97000
1,4.0,1,0.08,88,1,622,1069,134000
0,2.0,1,0.25,88,1,622,1574,365000
1,2.0,1,0.2,88,1,622,1881,260000
1,3.0,2,0.19,104,1,622,1255,75000
0,3.0,1,0.22,88,1,622,1971,460000
0,1.0,1,0.99,88,1,622,1241,250000
0,2.0,2,10.29,88,1,622,1566,1321000
0,1.0,1,0.43,65,1,680,1375,46900
0,3.0,2,0.48,86,1,660,1351,63000
0,1.0,1,0.15,87,1,653,1546,95000
1,1.0,2,0.12,65,1,680,1173,75000
0,4.0,1,0.09,86,1,660,1994,125000
0,2.0,2,0.19,88,1,623,1132,325000
0,2.0,2,10.76,72,1,698,1228,499900
1,5.0,1,0.07,88,1,623,1217,101800
0,1.0,1,1.75,88,1,623,1867,330000
1,1.0,2,0.09,65,1,680,1716,115000
1,3.0,2,0.12,88,1,623,1221,25000
0,5.0,2,0.04,65,1,682,1256,87000
1,2.0,1,4.74,88,1,623,1530,285000
0,1.0,2,0.08,65,1,680,1089,190000
0,4.0,2,0.27,87,1,653,1858,205000
1,2.0,2,0.08,89,1,683,1808,70000
0,5.0,2,0.12,86,1,660,1470,135000
0,2.0,2,1.61,88,1,623,1714,115000
1,4.0,2,0.08,65,1,682,1792,104000
0,5.0,1,0.97,90,1,667,1713,275000
1,5.0,2,0.08,88,1,623,1506,250000
0,4.0,1,0.07,89,1,683,1444,150000
1,4.0,2,0.52,88,1,623,1894,750000
0,5.0,1,0.25,88,1,623,1261,395000
0,4.0,1,1.49,65,1,680,1865,82000
1,4.0,1,0.4,90,1,667,1423,495000
0,1.0,2,1.65,65,1,682,1811,125000
0,3.0,1,0.16,88,1,623,1887,389000
0,3.0,2,0.2,88,1,623,1035,45000
1,3.0,1,2.82,88,1,623,1715,120000
1,3.0,2,20.4,86,1,660,1129,391000
1,4.0,2,0.28,88,1,623,1758,70000
1,5.0,2,14.34,88,1,623,1349,160000
0,3.0,2,0.26,88,1,623,1249,65000
0,3.0,1,16.22,88,1,623,1388,290000
0,3.0,1,0.49,88,1,623,1400,80000
0,3.0,1,17.97,86,1,660,1534,835000
0,3.0,2,0.44,65,1,680,1911,159000
0,3.0,1,1.4,88,1,623,1187,182000
1,5.0,1,6.44,88,1,623,1839,1400000
1,5.0,1,5.78,89,1,683,1479,155000
0,1.0,2,0.42,88,1,636,1803,115000
0,2.0,1,0.12,88,1,623,1961,100000
0,5.0,2,0.03,88,1,623,1580,75000
1,1.0,2,0.19,88,1,623,1644,122000
0,2.0,2,0.16,88,1,623,1092,150000
1,3.0,1,0.23,88,1,623,1434,325000
0,5.0,2,0.09,88,1,623,1874,130000
0,1.0,2,0.46,88,1,623,1177,139900
0,1.0,1,0.19,88,1,623,1921,325000
1,5.0,1,0.48,88,1,623,1327,395000
1,2.0,2,0.07,88,1,623,1139,101800
0,2.0,2,0.22,88,1,623,1324,375000
1,4.0,2,0.23,88,1,623,1460,115000
0,3.0,1,0.25,88,1,623,1407,395000
1,5.0,2,9.65,88,1,623,1498,2500000
1,2.0,1,1.75,88,1,623,1469,330000
0,1.0,1,0.26,88,1,623,1651,385000
1,5.0,1,0.12,88,1,623,1342,25000
0,3.0,1,4.74,88,1,623,1610,285000
0,4.0,2,0.08,88,1,623,1271,250000
0,1.0,1,0.43,88,1,623,1461,600000
0,3.0,1,0.81,88,1,623,1176,195000
1,2.0,1,5.0,88,1,623,1626,1995000
0,1.0,1,0.54,88,1,623,1026,220000
0,3.0,2,0.4,88,1,623,1114,81500
0,2.0,2,0.52,88,1,623,1339,750000
0,5.0,1,1.09,88,1,623,1331,389000
0,4.0,2,14.34,88,1,623,1578,160000
1,1.0,1,7.8,88,1,623,1198,3000000
0,1.0,1,0.26,88,1,623,1975,65000
1,2.0,1,2.82,88,1,623,1155,120000
0,5.0,1,0.2,88,1,623,1388,45000
1,2.0,2,0.49,88,1,623,1264,80000
1,1.0,1,0.73,88,1,623,1257,54000
1,5.0,2,0.28,88,1,623,1062,70000
1,1.0,2,16.22,88,1,623,1883,290000
0,4.0,2,3.57,88,1,623,1744,275000
0,3.0,1,1.4,88,1,623,1659,182000
1,1.0,2,112.66,88,1,623,1660,950000
0,3.0,2,0.52,88,1,623,1365,375000
1,1.0,2,0.96,88,1,623,1146,840000
1,5.0,2,0.51,88,1,623,1729,375000
1,2.0,2,6.44,88,1,623,1605,1400000
0,2.0,2,0.04,80,1,624,1283,70000
0,4.0,2,0.49,80,1,624,1573,799000
1,3.0,2,0.08,80,1,624,1138,74500
0,5.0,2,0.94,80,1,624,1860,3900000
1,5.0,1,0.15,63,1,795,1143,67000
0,4.0,2,0.08,64,1,731,1050,71600
1,4.0,2,0.46,66,1,612,1512,179000
1,3.0,2,0.09,66,1,685,1355,70000
1,5.0,2,0.1,64,1,731,1131,145000
1,3.0,2,13.39,69,1,662,1742,89000
1,1.0,2,7.46,68,1,670,1507,300000
1,4.0,1,0.1,70,1,669,1987,155000
1,1.0,1,0.08,64,1,728,1147,85000
1,4.0,1,0.12,71,1,641,1717,79000
0,2.0,2,0.08,63,1,795,1195,150000
0,5.0,2,0.09,64,1,730,1771,100000
0,2.0,2,0.25,73,1,610,1730,140000
1,4.0,1,0.74,64,1,731,1865,649000
1,2.0,2,0.23,72,1,698,1170,50000
1,2.0,1,0.23,71,1,641,1815,69900
1,5.0,2,3.88,66,1,685,1499,575000
0,2.0,2,0.08,64,1,728,1916,105000
0,4.0,2,0.08,72,1,698,1873,120000
0,2.0,1,0.73,64,1,716,1124,115000
1,2.0,2,0.28,66,1,685,1357,255000
0,1.0,1,1.75,78,1,766,1091,189000
0,5.0,2,0.11,76,1,656,1335,93000
0,2.0,2,0.1,64,1,730,1032,220000
0,3.0,1,0.3,64,1,730,1441,425000
1,1.0,2,0.69,69,1,662,1910,469000
0,5.0,1,0.23,72,1,698,1195,70500
1,4.0,2,0.05,72,1,698,1931,122500
0,3.0,2,1.94,71,1,641,1812,195000
1,4.0,1,0.12,64,1,717,1418,225000
0,5.0,1,0.97,81,1,659,1563,330000
0,4.0,1,4.84,66,1,685,1713,475000
0,2.0,1,0.88,64,1,716,1114,145000
0,2.0,2,0.24,68,1,670,1309,120000
0,4.0,2,0.16,64,1,730,1668,555000
0,5.0,2,1.09,105,1,987,1210,135000
0,5.0,1,18.45,81,1,659,1827,380000
0,3.0,1,10.68,81,1,659,1664,350000
1,4.0,2,0.16,95,1,95000,1882,95000
0,3.0,2,0.99,74,1,676,1533,400000
1,1.0,2,0.99,71,1,641,1328,40000
0,1.0,1,1.42,71,1,641,1240,329000
0,5.0,2,0.04,92,1,627,1674,69500
0,2.0,1,0.24,92,1,627,1083,135000
0,4.0,1,0.38,92,1,627,1923,74000
0,1.0,1,1.94,92,1,627,1396,109000
0,5.0,2,0.21,92,1,627,1020,425000
1,1.0,1,0.13,92,1,627,1980,168100
0,2.0,1,0.1,92,1,627,1846,110000
1,1.0,1,7.8,92,1,627,1032,250000
0,1.0,1,0.27,92,1,627,1111,55000
0,1.0,2,0.25,92,1,627,1215,50000
1,3.0,1,9.43,92,1,627,1532,305000
0,5.0,2,0.29,92,1,627,1398,64900
0,1.0,1,2.52,92,1,627,1661,145000
1,4.0,1,0.55,92,1,627,1305,90000
1,5.0,2,0.47,92,1,627,1072,105000
0,2.0,2,0.67,92,1,627,1628,85000
1,1.0,2,1.57,65,1,680,1300,46900
1,5.0,2,0.08,64,1,731,1091,71600
1,1.0,2,0.46,66,1,612,1464,179000
1,4.0,1,13.39,69,1,662,1433,89000
1,3.0,2,0.09,64,1,730,1431,100000
0,4.0,2,0.1,70,1,669,1823,155000
1,3.0,2,0.15,87,1,653,1378,95000
0,1.0,1,0.08,64,1,728,1408,105000
0,1.0,1,0.05,72,1,698,1898,122500
0,4.0,1,0.08,89,1,683,1573,70000
1,3.0,1,0.23,72,1,698,1827,50000
0,1.0,1,7.46,68,1,670,1355,300000
0,1.0,2,0.11,65,1,680,1106,215000
0,1.0,2,0.12,71,1,641,1254,79000
0,5.0,2,0.25,73,1,610,1069,140000
1,3.0,1,0.22,65,1,680,1685,235000
0,5.0,1,1.38,95,1,678,1222,3000000
0,1.0,2,0.08,65,1,680,1505,190000
1,4.0,1,0.3,64,1,730,1640,425000
0,5.0,2,3.88,66,1,685,1334,575000
1,2.0,1,0.12,64,1,717,1059,225000
1,5.0,2,0.76,69,1,662,1399,450000
0,2.0,2,0.1,64,1,730,1001,220000
1,3.0,1,0.07,89,1,683,1347,150000
0,4.0,1,0.69,69,1,662,1929,469000
1,1.0,1,4.84,66,1,685,1186,475000
0,3.0,2,0.21,92,1,627,1606,425000
1,5.0,2,0.56,95,1,678,1560,1100000
0,2.0,1,0.94,80,1,624,1981,3900000
0,4.0,2,0.16,64,1,730,1191,555000
1,2.0,1,0.46,65,1,680,1437,650000
0,4.0,2,0.99,74,1,676,1899,400000
0,2.0,2,0.2,81,1,659,1875,55000
1,1.0,2,0.21,81,1,659,1958,62000
0,3.0,1,20.4,86,1,660,1266,391000
0,4.0,2,0.16,95,1,95000,1832,95000
1,2.0,1,0.29,92,1,627,1142,64900
1,3.0,2,18.45,81,1,659,1745,380000
0,4.0,2,10.68,81,1,659,1230,350000
0,5.0,1,0.44,65,1,680,1938,159000
0,4.0,2,17.97,86,1,660,1503,835000
0,4.0,2,5.78,89,1,683,1841,155000
0,5.0,1,0.1,106,1,637,1869,130000
0,4.0,1,0.45,106,1,637,1428,300000
0,2.0,2,1.21,106,1,637,1855,54900
0,4.0,1,0.2,106,1,637,1711,250000
1,5.0,1,0.36,106,1,637,1861,435000
0,2.0,2,0.15,106,1,637,1973,80000
1,4.0,2,262.0,106,1,637,1442,575000
0,5.0,1,0.09,86,1,660,1040,125000
0,5.0,1,0.24,91,1,612,1493,200000
0,4.0,1,1.5,88,1,623,1449,115000
1,1.0,1,0.15,87,1,653,1735,95000
1,2.0,1,0.09,65,1,680,1567,115000
0,2.0,1,0.08,88,1,623,1769,250000
1,5.0,2,0.49,91,1,612,1250,150000
0,1.0,2,0.08,65,1,680,1063,190000
0,2.0,1,0.04,65,1,682,1520,87000
1,3.0,2,0.21,82,1,603,1605,225000
0,1.0,2,0.22,65,1,680,1169,235000
0,5.0,1,0.12,71,1,641,1520,79000
1,1.0,2,7.46,68,1,670,1744,300000
1,1.0,1,3.88,66,1,685,1659,575000
0,1.0,2,0.22,81,1,659,1220,418000
1,5.0,1,0.27,87,1,653,1284,205000
0,1.0,1,0.12,64,1,717,1643,225000
0,3.0,1,0.07,89,1,683,1110,150000
0,3.0,2,0.69,69,1,662,1023,469000
1,1.0,1,4.84,66,1,685,1681,475000
0,4.0,1,1.25,82,1,602,1184,160000
1,2.0,1,0.52,88,1,623,1341,750000
0,4.0,1,0.4,90,1,667,1360,495000
0,3.0,1,0.1,82,1,602,1229,339000
0,2.0,2,1.8,82,1,677,1067,1200000
0,1.0,2,0.25,88,1,623,1116,395000
0,3.0,2,0.13,65,1,682,1884,125000
1,5.0,2,0.17,83,1,677,1637,950000
1,5.0,1,1.73,65,1,680,1069,82000
1,1.0,1,1.22,88,1,623,1154,389000
0,5.0,2,0.46,65,1,680,1295,650000
1,2.0,1,0.49,83,1,677,1891,950000
0,4.0,1,0.2,81,1,659,1800,55000
1,1.0,2,0.2,88,1,623,1630,45000
0,5.0,2,0.35,83,1,677,1247,349000
1,4.0,2,0.21,81,1,659,1138,62000
0,4.0,2,0.49,88,1,623,1968,80000
0,4.0,1,0.99,74,1,676,1882,400000
1,4.0,1,2.82,88,1,623,1961,120000
1,1.0,1,0.28,88,1,623,1181,70000
0,1.0,2,14.34,88,1,623,1989,160000
1,2.0,1,0.16,95,1,95000,1030,95000
0,2.0,2,1.17,67,1,638,1990,89000
1,2.0,1,1.48,67,1,638,1917,275000
0,3.0,2,0.1,67,1,638,1472,65000
0,4.0,2,2.23,67,1,638,1393,225000
1,3.0,1,1.16,67,1,638,1197,98000
0,2.0,2,0.09,67,1,638,1586,55000
1,4.0,2,0.09,67,1,638,1410,65000
0,1.0,1,0.2,67,1,638,1443,23000
0,2.0,1,1.94,67,1,638,1658,65000
0,3.0,1,50.26,67,1,638,1351,290000
1,4.0,1,0.68,67,1,638,1717,47000
1,3.0,1,0.12,71,1,641,1262,79000
0,5.0,1,0.97,71,1,641,1673,106700
0,5.0,1,10.44,71,1,641,1483,180000
0,5.0,2,28.17,71,1,641,1509,550000
1,5.0,2,0.22,71,1,641,1017,70000
0,5.0,2,0.23,71,1,641,1085,69900
0,4.0,2,2.91,71,1,641,1051,198500
0,3.0,1,0.1,71,1,641,1953,75000
0,5.0,2,2.06,71,1,641,1270,219900
0,1.0,1,0.86,71,1,641,1343,95000
0,4.0,2,0.2,71,1,641,1461,99000
1,4.0,2,0.28,71,1,641,1653,75000
0,5.0,1,1.94,71,1,641,1554,195000
1,5.0,1,30.0,71,1,641,1322,600000
0,3.0,2,0.26,71,1,641,1026,120000
0,5.0,2,0.94,71,1,641,1831,108000
1,4.0,2,135.0,71,1,641,1851,550000
0,5.0,1,18.66,71,1,641,1024,200000
1,1.0,1,2.91,71,1,641,1821,69995
0,4.0,1,1.96,71,1,641,1092,60000
0,2.0,1,0.99,71,1,641,1512,40000
0,5.0,2,139.0,71,1,641,1553,550000
0,5.0,1,1.42,71,1,641,1186,329000
1,2.0,1,0.37,98,1,646,1419,12000000
1,3.0,2,0.24,98,1,646,1363,750000
1,3.0,1,0.16,98,1,646,1677,550000
0,3.0,1,0.14,98,1,646,1395,950000
0,5.0,1,0.14,98,1,646,1167,1150000
0,5.0,1,0.1,98,1,646,1007,550000
1,5.0,2,0.24,98,1,646,1308,5500000
1,2.0,2,0.75,98,1,646,1513,16000000
0,3.0,2,0.08,98,1,646,1304,59200
0,3.0,2,0.25,98,1,646,1425,995000
1,3.0,1,1.33,98,1,646,1138,595000
1,5.0,2,0.25,98,1,646,1844,1275000
0,5.0,1,0.15,98,1,646,1279,1135000
0,1.0,1,0.22,98,1,646,1009,4995000
1,4.0,2,0.11,98,1,646,1705,55000
0,1.0,2,0.52,98,1,646,1345,575000
0,2.0,1,0.27,98,1,646,1730,465000
1,4.0,2,0.65,101,1,646,1160,495000
1,1.0,1,0.12,98,1,646,1089,895000
0,2.0,1,1.98,98,1,646,1626,11500000
1,3.0,2,0.25,98,1,646,1687,2500000
0,3.0,2,0.14,98,1,646,1266,1100000
1,5.0,2,0.23,98,1,646,1245,5950000
1,1.0,1,0.21,98,1,646,1194,2849000
1,1.0,1,0.21,98,1,646,1683,850000
0,3.0,1,0.15,98,1,646,1368,6495000
1,1.0,1,1.97,98,1,646,1539,1300000
0,2.0,2,0.06,98,1,646,1296,6350000
0,1.0,1,0.19,98,1,646,1599,2000000
0,1.0,1,0.07,98,1,646,1687,300000
1,4.0,2,0.09,98,1,646,1966,5900000
1,2.0,1,0.23,98,1,646,1869,1775000
0,1.0,1,0.23,98,1,646,1906,1795000
0,4.0,1,0.24,98,1,646,1660,3500000
1,1.0,1,0.19,98,1,646,1419,1325000
0,3.0,1,0.99,98,1,646,1740,5000000
0,5.0,1,1.62,98,1,646,1902,4600000
1,3.0,2,13.65,98,1,646,1975,1500000
1,1.0,1,0.26,98,1,646,1703,3950000
0,3.0,1,1.62,98,1,646,1067,1250000
0,2.0,2,1.68,98,1,646,1600,1125000
1,4.0,1,0.47,98,1,646,1601,3995000
1,4.0,2,0.51,81,1,659,1331,97900
0,5.0,2,0.05,64,1,4569,1292,58000
1,2.0,1,0.2,81,1,685,1142,144900
0,5.0,2,2.91,74,1,676,1316,265000
0,5.0,2,10.44,71,1,641,1154,180000
1,1.0,1,0.15,63,1,795,1553,99000
0,1.0,1,1.85,107,1,729,1359,76900
1,3.0,2,0.1,64,1,728,1742,95000
0,1.0,2,0.22,92,1,678,1891,245000
1,1.0,2,0.04,80,1,624,1981,70000
0,4.0,2,1.07,70,1,669,1401,25000
0,2.0,1,65.07,91,1,612,1716,289000
0,2.0,1,0.14,74,1,676,1298,28000
0,2.0,1,4.22,70,1,669,1963,325000
1,4.0,1,0.6,64,1,717,1548,103000
0,4.0,1,262.0,106,1,637,1941,575000
0,1.0,2,0.71,78,1,766,1621,1000000
0,1.0,1,0.72,64,1,731,1544,225000
1,4.0,2,0.08,63,1,795,1487,119000
0,5.0,2,0.35,63,1,795,1138,97000
0,1.0,1,5.05,64,1,730,1316,210000
0,4.0,2,0.8,64,1,731,1822,67600
1,2.0,1,0.09,63,1,795,1082,102900
0,1.0,2,0.22,66,1,685,1564,121000
1,2.0,1,0.15,70,1,669,1347,81000
0,5.0,2,0.08,64,1,731,1980,84900
1,2.0,1,0.25,64,1,728,1003,99000
1,4.0,2,0.09,108,1,664,1211,120000
1,1.0,2,0.04,64,1,731,1114,106000
1,4.0,1,0.2,75,1,769,1890,225000
0,3.0,1,0.1,106,1,637,1712,130000
0,4.0,1,0.04,64,1,731,1702,74000
1,3.0,2,0.12,81,1,659,1760,85000
1,1.0,2,0.68,64,1,730,1648,54000
0,4.0,1,0.09,67,1,638,1440,55000
1,4.0,1,0.04,64,1,716,1400,65000
0,5.0,1,0.25,64,1,730,1076,126600
0,3.0,2,1.48,67,1,638,1378,275000
0,1.0,1,0.27,64,1,717,1103,349900
1,2.0,1,0.11,70,1,669,1154,99000
1,4.0,2,0.11,72,1,698,1887,67000
0,1.0,1,0.11,64,1,731,1386,121500
0,4.0,1,0.13,92,1,627,1316,168100
0,1.0,2,0.72,66,1,685,1105,17850
0,3.0,2,0.25,66,1,685,1155,115000
0,1.0,2,0.28,71,1,641,1358,75000
0,5.0,1,2.23,67,1,638,1942,225000
1,4.0,1,2.43,63,1,795,1896,295000
1,4.0,1,4.89,91,1,612,1480,100000
1,5.0,2,0.09,109,1,976,1648,299000
1,1.0,1,0.09,64,1,730,1190,250000
1,1.0,1,0.67,66,1,685,1724,50000
0,1.0,2,11.0,91,1,612,1617,119900
1,3.0,1,0.3,69,1,685,1450,42000
0,5.0,1,0.33,79,1,757,1525,40000
0,1.0,1,204.51,70,1,669,1441,236500
0,5.0,1,0.25,81,1,659,1507,50000
0,4.0,2,0.21,81,1,659,1104,50000
0,1.0,1,135.0,71,1,641,1286,550000
1,3.0,1,0.15,84,1,603,1082,40000
0,1.0,1,0.28,84,1,603,1131,195000
0,1.0,1,0.22,84,1,603,1742,200000
1,3.0,1,100.0,84,1,603,1114,4000000
1,1.0,1,0.2,81,1,685,1922,144900
0,3.0,2,0.11,86,1,660,1988,95000
1,4.0,2,0.1,82,1,602,1122,95000
0,2.0,1,0.12,83,1,677,1704,295000
0,4.0,1,1.39,107,1,729,1701,76900
1,5.0,2,0.1,86,1,660,1967,128000
1,2.0,2,0.28,84,1,603,1357,195000
0,3.0,2,0.62,83,1,677,1915,78000
0,1.0,2,0.19,69,1,662,1038,195000
1,3.0,2,0.21,82,1,602,1654,58000
0,3.0,2,0.25,83,1,677,1606,50000
0,4.0,1,0.22,92,1,678,1086,245000
0,2.0,2,0.22,84,1,603,1509,215000
0,4.0,1,0.24,82,1,602,1393,39500
1,5.0,1,0.22,84,1,603,1183,215000
0,3.0,1,1.07,70,1,669,1664,25000
0,3.0,2,0.14,74,1,676,1413,28000
0,3.0,2,0.28,82,1,602,1464,67500
0,2.0,1,0.28,82,1,602,1934,65500
1,1.0,1,6.77,83,1,677,1080,275000
0,3.0,1,87.41,65,1,680,1443,290000
0,5.0,1,2.64,82,1,602,1298,649000
0,3.0,1,38.54,88,1,623,1544,350000
0,2.0,2,0.52,83,1,677,1759,208799
1,1.0,2,4.22,70,1,669,1928,325000
1,4.0,2,0.54,83,1,677,1916,219300
0,2.0,1,47.0,83,1,677,1266,2000000
0,5.0,2,0.1,91,1,612,1173,81900
0,2.0,1,0.22,91,1,612,1834,147600
1,4.0,2,0.22,91,1,612,1746,109000
0,3.0,2,0.08,91,1,612,1377,73000
0,2.0,2,18.0,91,1,612,1111,135000
0,1.0,2,0.25,91,1,612,1061,78000
1,2.0,1,235.0,91,1,612,1358,4700000
0,4.0,1,65.07,91,1,612,1395,289000
0,4.0,2,11.0,91,1,612,1059,119900
0,4.0,1,6.21,91,1,612,1421,270000
1,1.0,2,179.0,91,1,612,1228,4475000
0,1.0,2,0.97,91,1,612,1354,39000
1,5.0,1,1.79,91,1,612,1663,81900
1,5.0,1,0.2,91,1,612,1112,50000
0,2.0,1,0.2,91,1,612,1397,50000
1,4.0,1,0.08,91,1,612,1645,69000
0,5.0,2,0.24,91,1,612,1714,65000
0,4.0,2,0.68,81,1,612,1648,95000
0,4.0,1,0.23,91,1,612,1529,63500
0,2.0,2,0.51,81,1,659,1604,97900
1,2.0,2,0.2,69,1,662,1545,195000
1,1.0,2,0.08,91,1,612,1126,73000
0,3.0,1,0.36,96,1,693,1701,62000
1,4.0,2,0.04,92,1,627,1311,69500
0,3.0,2,0.22,91,1,612,1644,147600
0,3.0,1,0.08,77,1,674,1284,125000
1,4.0,1,0.11,96,1,693,1900,77000
0,5.0,1,0.19,69,1,662,1240,195000
0,5.0,1,10.44,71,1,641,1441,180000
0,5.0,1,0.25,91,1,612,1068,78000
0,3.0,1,0.15,63,1,795,1828,99000
0,5.0,2,1.72,96,1,693,1553,82000
0,1.0,1,0.97,91,1,612,1589,39000
0,3.0,2,0.11,81,1,659,1191,299900
0,4.0,2,1.38,107,1,729,1597,76900
0,4.0,2,0.1,64,1,728,1475,95000
0,2.0,1,0.22,92,1,678,1370,245000
0,2.0,1,0.67,91,1,612,1670,81900
1,4.0,1,0.12,57,1,650,1442,28000
0,2.0,2,8.54,93,1,687,1126,225000
1,5.0,1,0.23,91,1,612,1206,63500
1,1.0,2,0.09,96,1,693,1889,75200
0,5.0,2,65.07,91,1,612,1728,289000
1,2.0,1,4.22,70,1,669,1627,325000
0,2.0,1,9.43,92,1,627,1043,305000
0,4.0,2,0.49,81,1,659,1195,160000
1,2.0,1,0.47,92,1,627,1785,105000
1,5.0,2,0.6,64,1,717,1557,103000
1,5.0,1,0.67,92,1,627,1058,85000
0,2.0,1,1.29,81,1,659,1551,119000
0,4.0,2,1.45,91,1,652,1382,497000
0,2.0,1,2.52,92,1,627,1629,145000
0,2.0,2,0.22,95,1,678,1047,89000
0,3.0,2,0.71,78,1,766,1149,1000000
0,4.0,2,5.64,95,1,678,1630,1900000
0,1.0,1,0.51,81,1,659,1584,97900
0,1.0,2,10.76,98,1,646,1187,60660
1,3.0,2,0.08,91,1,612,1250,73000
0,1.0,2,0.22,91,1,612,1660,147600
0,5.0,2,0.36,96,1,693,1775,62000
0,4.0,2,0.08,77,1,674,1813,125000
0,1.0,2,0.09,98,1,949,1104,110000
1,2.0,2,0.15,96,1,693,1321,63000
0,2.0,2,10.44,71,1,641,1048,180000
0,2.0,2,0.11,96,1,693,1717,77000
1,3.0,2,4.94,101,1,692,1612,265000
0,1.0,2,0.25,91,1,612,1899,78000
0,5.0,2,0.15,63,1,795,1884,99000
1,2.0,1,1.88,96,1,693,1718,82000
0,2.0,2,0.15,102,1,783,1390,88000
0,4.0,2,0.97,91,1,612,1485,39000
0,4.0,2,0.07,101,1,962,1834,102000
0,5.0,1,0.6,91,1,612,1989,81900
0,4.0,2,0.04,80,1,624,1196,70000
0,1.0,2,0.09,96,1,693,1636,75200
1,4.0,1,0.12,57,1,650,1291,28000
0,1.0,2,65.07,91,1,612,1881,289000
1,3.0,2,0.23,91,1,612,1355,63500
1,1.0,1,12.62,102,1,783,1042,150000
0,1.0,2,0.49,81,1,659,1442,160000
0,5.0,1,0.6,64,1,717,1441,103000
1,4.0,2,0.67,91,1,652,1918,497000
0,5.0,2,0.71,78,1,766,1824,1000000
1,3.0,1,28.07,102,1,873,1325,180000
0,3.0,2,0.11,86,1,660,1290,95000
1,3.0,2,0.08,87,1,653,1319,30000
0,5.0,2,0.13,65,1,680,1776,77000
0,1.0,1,0.1,88,1,623,1999,154000
0,1.0,1,0.1,106,1,637,1305,130000
0,2.0,2,0.72,65,1,680,1774,29000
1,4.0,1,0.1,86,1,660,1986,128000
0,3.0,2,3.75,90,1,667,1492,157000
0,4.0,2,1.24,88,1,622,1638,97000
0,1.0,2,0.04,65,1,680,1362,229500
0,1.0,2,0.04,65,1,680,1351,60150
0,4.0,1,0.1,65,1,680,1993,219000
1,2.0,1,0.16,88,1,623,1041,159900
0,4.0,1,3.5,110,2,12018,1816,64900
0,4.0,1,3.5,110,2,12018,1809,64900
1,5.0,2,3.5,110,2,12018,1367,64900
0,2.0,2,3.5,110,2,12018,1313,64900
0,1.0,1,3.5,110,2,12018,1224,64900
0,1.0,2,3.5,110,2,12018,1701,64900
0,1.0,1,3.5,110,2,12018,1885,64900
0,1.0,1,3.5,110,2,12018,1905,64900
1,1.0,1,3.5,110,2,12018,1471,64900
0,5.0,2,3.5,110,2,12018,1525,64900
0,4.0,1,3.5,110,2,12018,1078,64900
1,4.0,2,3.5,110,2,12018,1643,64900
1,4.0,2,3.5,110,2,12018,1072,64900
1,4.0,1,3.5,110,2,12018,1268,64900
0,1.0,1,3.5,110,2,12018,1328,64900
0,5.0,1,3.5,110,2,12018,1275,64900
0,3.0,1,3.5,110,2,12018,1391,64900
0,4.0,2,3.5,110,2,12018,1804,64900
1,3.0,2,3.5,110,2,12018,1782,64900
1,5.0,2,3.5,110,2,12018,1773,64900
0,4.0,1,3.5,110,2,12018,1157,64900
1,3.0,2,3.5,110,2,12018,1764,64900
1,5.0,2,3.5,110,2,12018,1780,64900
0,3.0,1,3.5,110,2,12018,1358,64900
0,5.0,1,3.5,110,2,12018,1503,64900
1,4.0,2,3.5,110,2,12018,1664,64900
1,3.0,1,3.5,110,2,12018,1369,64900
0,3.0,1,3.5,110,2,12018,1457,64900
0,3.0,2,3.5,110,2,12018,1181,64900
1,5.0,2,3.5,110,2,12018,1028,64900
0,3.0,1,3.5,110,2,12018,1410,64900
0,1.0,2,3.5,110,2,12018,1169,64900
1,5.0,1,3.5,110,2,12018,1290,64900
0,3.0,2,3.5,110,2,12018,1759,64900
1,5.0,1,3.5,110,2,12018,1550,64900
0,4.0,1,3.5,110,2,12018,1623,64900
1,1.0,1,3.5,110,2,12018,1495,64900
0,4.0,1,3.5,110,2,12018,1183,64900
0,4.0,1,3.5,110,2,12018,1668,64900
0,3.0,1,3.5,110,2,12018,1831,64900
1,5.0,1,3.5,110,2,12018,1613,64900
0,1.0,1,3.5,110,2,12018,1995,64900
1,3.0,1,3.5,110,2,12018,1432,64900
0,5.0,1,3.5,110,2,12018,1081,64900
0,5.0,1,3.5,110,2,12018,1011,64900
1,1.0,2,3.5,110,2,12018,1171,64900
1,2.0,1,3.5,110,2,12018,1284,64900
1,1.0,1,3.5,110,2,12018,1265,64900
0,1.0,2,3.5,110,2,12018,1951,64900
0,5.0,1,3.5,110,2,12018,1951,64900
0,2.0,2,3.5,110,2,12018,1713,64900
0,1.0,1,3.5,110,2,12018,1819,64900
1,4.0,1,3.5,110,2,12018,1635,64900
0,3.0,2,3.5,110,2,12018,1852,64900
0,2.0,2,3.5,110,2,12018,1569,64900
0,1.0,1,3.5,110,2,12018,1239,64900
0,4.0,1,3.5,110,2,12018,1017,64900
0,5.0,2,3.5,110,2,12018,1554,64900
0,2.0,2,3.5,110,2,12018,1906,64900
0,5.0,2,3.5,110,2,12018,1462,64900
0,4.0,2,3.5,110,2,12018,1444,64900
0,1.0,2,3.5,110,2,12018,1605,64900
0,5.0,1,3.5,110,2,12018,1299,64900
1,2.0,2,3.5,110,2,12018,1859,64900
0,2.0,2,3.5,110,2,12018,1525,64900
1,4.0,1,3.5,110,2,12018,1785,64900
0,5.0,2,3.5,110,2,12018,1581,64900
0,4.0,1,3.5,110,2,12018,1081,64900
1,2.0,1,3.5,110,2,12018,1927,64900
1,1.0,2,3.5,110,2,12018,1723,64900
1,3.0,2,3.5,110,2,12018,1313,64900
0,2.0,1,3.5,110,2,12018,1473,64900
0,5.0,1,3.5,110,2,12018,1424,64900
0,3.0,1,3.5,110,2,12018,1240,64900
0,3.0,2,3.5,110,2,12018,1040,64900
0,3.0,1,3.5,110,2,12018,1764,64900
0,2.0,1,3.5,110,2,12018,1940,64900
0,3.0,2,3.5,110,2,12018,1746,64900
1,5.0,1,3.5,110,2,12018,1921,64900
0,1.0,1,3.5,110,2,12018,1842,64900
0,1.0,2,3.5,110,2,12018,1881,64900
0,4.0,1,3.5,110,2,12018,1929,64900
0,2.0,2,3.5,110,2,12018,1384,64900
1,4.0,2,3.5,110,2,12018,1694,64900
0,1.0,2,3.5,110,2,12018,1730,64900
0,2.0,1,3.5,110,2,12018,1958,64900
0,3.0,2,3.5,110,2,12018,1950,64900
0,4.0,1,3.5,110,2,12018,1776,64900
0,5.0,2,3.5,110,2,12018,1562,64900
0,3.0,2,3.5,110,2,12018,1055,64900
0,2.0,2,3.5,110,2,12018,1500,64900
1,5.0,2,3.5,110,2,12018,1277,64900
0,2.0,1,3.5,110,2,12018,1775,64900
0,1.0,2,3.5,110,2,12018,1950,64900
1,5.0,1,3.5,110,2,12018,1348,64900
1,3.0,2,3.5,110,2,12018,1646,64900
0,4.0,2,3.5,110,2,12018,1763,64900
0,4.0,2,3.5,110,2,12018,1408,64900
0,4.0,1,3.5,110,2,12018,1985,64900
0,1.0,2,3.5,110,2,12018,1433,64900
1,4.0,2,3.5,110,2,12018,1298,64900
0,2.0,1,3.5,110,2,12018,1909,64900
1,5.0,1,3.5,110,2,12018,1218,64900
0,5.0,1,3.5,110,2,12018,1538,64900
0,5.0,2,3.5,110,2,12018,1796,64900
1,1.0,2,3.5,110,2,12018,1086,64900
1,1.0,1,3.5,110,2,12018,1572,64900
0,5.0,2,3.5,110,2,12018,1149,64900
0,5.0,1,3.5,110,2,12018,1051,64900
0,4.0,1,3.5,110,2,12018,1449,64900
0,5.0,2,3.5,110,2,12018,1372,64900
0,1.0,1,3.5,110,2,12018,1012,64900
0,3.0,1,3.5,110,2,12018,1636,64900
0,5.0,1,3.5,110,2,12018,1633,64900
1,5.0,1,3.5,110,2,12018,1359,64900
0,1.0,1,3.5,110,2,12018,1551,64900
0,3.0,1,3.5,110,2,12018,1946,64900
0,4.0,1,3.5,110,2,12018,1540,64900
0,3.0,1,3.5,110,2,12018,1627,64900
0,1.0,2,3.5,110,2,12018,1162,64900
1,5.0,1,3.5,110,2,12018,1815,64900
1,2.0,2,3.5,110,2,12018,1356,64900
0,4.0,2,3.5,110,2,12018,1633,64900
0,5.0,2,3.5,110,2,12018,1133,64900
0,5.0,1,3.5,110,2,12018,1669,64900
0,2.0,2,3.5,110,2,12018,1924,64900
0,4.0,1,3.5,110,2,12018,1620,64900
1,1.0,1,3.5,110,2,12018,1096,64900
1,3.0,2,3.5,110,2,12018,1909,64900
0,3.0,1,3.5,110,2,12018,1766,64900
0,4.0,2,3.5,110,2,12018,1801,64900
1,4.0,2,3.5,110,2,12018,1032,64900
1,5.0,1,3.5,110,2,12018,1238,64900
1,1.0,2,3.5,110,2,12018,1373,64900
0,3.0,1,3.5,110,2,12018,1592,64900
1,4.0,2,3.5,110,2,12018,1398,64900
0,1.0,1,3.5,110,2,12018,1538,64900
1,2.0,2,3.5,110,2,12018,1145,64900
0,3.0,2,3.5,110,2,12018,1537,64900
1,2.0,1,3.5,110,2,12018,1255,64900
0,2.0,2,3.5,110,2,12018,1673,64900
0,3.0,1,3.5,110,2,12018,1859,64900
0,3.0,2,3.5,110,2,12018,1109,64900
0,5.0,2,3.5,110,2,12018,1233,64900
0,3.0,1,3.5,110,2,12018,1276,64900
1,5.0,1,3.5,110,2,12018,1846,64900
0,1.0,1,3.5,110,2,12018,1771,64900
0,3.0,2,3.5,110,2,12018,1324,64900
1,1.0,1,3.5,110,2,12018,1154,64900
0,2.0,1,3.5,110,2,12018,1188,64900
1,2.0,2,3.5,110,2,12018,1642,64900
1,1.0,1,3.5,110,2,12018,1340,64900
0,4.0,2,3.5,110,2,12018,1352,64900
0,1.0,1,3.5,110,2,12018,1212,64900
0,2.0,1,3.5,110,2,12018,1846,64900
0,5.0,1,3.5,110,2,12018,1421,64900
0,4.0,2,3.5,110,2,12018,1664,64900
1,4.0,2,3.5,110,2,12018,1918,64900
1,1.0,1,3.5,110,2,12018,1979,64900
1,1.0,2,3.5,110,2,12018,1607,64900
0,2.0,2,3.5,110,2,12018,1886,64900
0,5.0,2,3.5,110,2,12018,1864,64900
1,5.0,2,3.5,110,2,12018,1791,64900
1,5.0,2,3.5,110,2,12018,1892,64900
0,1.0,1,3.5,110,2,12018,1661,64900
0,4.0,1,3.5,110,2,12018,1389,64900
1,2.0,1,3.5,110,2,12018,1326,64900
1,5.0,1,3.5,110,2,12018,1794,64900
0,1.0,1,3.5,110,2,12018,1193,64900
0,2.0,1,3.5,110,2,12018,1741,64900
0,1.0,1,3.5,110,2,12018,1485,64900
1,2.0,2,3.5,110,2,12018,1480,64900
0,5.0,2,3.5,110,2,12018,1324,64900
0,2.0,1,3.5,110,2,12018,1038,64900
1,2.0,2,3.5,110,2,12018,1077,64900
0,4.0,2,3.5,110,2,12018,1131,64900
0,4.0,1,3.5,110,2,12018,1890,64900
0,1.0,1,3.5,110,2,12018,1339,64900
1,3.0,1,3.5,110,2,12018,1415,64900
1,2.0,1,3.5,110,2,12018,1958,64900
1,4.0,2,3.5,110,2,12018,1667,64900
0,5.0,1,3.5,110,2,12018,1789,64900
0,3.0,1,3.5,110,2,12018,1073,64900
0,5.0,2,3.5,110,2,12018,1592,64900
0,1.0,2,3.5,110,2,12018,1757,64900
1,3.0,1,3.5,110,2,12018,1750,64900
0,5.0,2,3.5,110,2,12018,1997,64900
1,3.0,1,3.5,110,2,12018,1127,64900
1,4.0,1,3.5,110,2,12018,1090,64900
0,5.0,2,3.5,110,2,12018,1074,64900
0,2.0,1,3.5,110,2,12018,1723,64900
0,2.0,1,3.5,110,2,12018,1572,64900
0,5.0,1,3.5,110,2,12018,1593,64900
1,2.0,1,3.5,110,2,12018,1501,64900
1,5.0,1,3.5,110,2,12018,1597,64900
0,3.0,2,3.5,110,2,12018,1492,64900
1,4.0,2,3.5,110,2,12018,1964,64900
0,4.0,2,3.5,110,2,12018,1318,64900
1,4.0,2,3.5,110,2,12018,1531,64900
0,3.0,2,3.5,110,2,12018,1920,64900
0,3.0,1,3.5,110,2,12018,1471,64900
0,5.0,2,3.5,110,2,12018,1380,64900
0,5.0,1,3.5,110,2,12018,1502,64900
0,1.0,2,3.5,110,2,12018,1603,64900
0,5.0,1,3.5,110,2,12018,1168,64900
0,1.0,1,3.5,110,2,12018,1131,64900
0,3.0,2,3.5,110,2,12018,1120,64900
0,1.0,1,3.5,110,2,12018,1332,64900
0,3.0,2,3.5,110,2,12018,1783,64900
0,1.0,2,3.5,110,2,12018,1659,64900
0,5.0,1,3.5,110,2,12018,1367,64900
0,2.0,1,3.5,110,2,12018,1237,64900
0,2.0,2,3.5,110,2,12018,1336,64900
1,2.0,1,3.5,110,2,12018,1836,64900
1,1.0,1,3.5,110,2,12018,1689,64900
1,3.0,2,3.5,110,2,12018,1381,64900
0,5.0,2,3.5,110,2,12018,1351,64900
0,4.0,1,3.5,110,2,12018,1445,64900
0,1.0,2,3.5,110,2,12018,1832,64900
0,3.0,2,3.5,110,2,12018,1454,64900
1,1.0,2,3.5,110,2,12018,1912,64900
0,5.0,2,3.5,110,2,12018,1611,64900
1,2.0,1,3.5,110,2,12018,1989,64900
0,3.0,1,3.5,110,2,12018,1399,64900
0,4.0,2,3.5,110,2,12018,1134,64900
1,3.0,2,3.5,110,2,12018,1681,64900
0,1.0,2,3.5,110,2,12018,1659,64900
1,4.0,2,3.5,110,2,12018,1404,64900
1,2.0,2,3.5,110,2,12018,1438,64900
0,2.0,1,3.5,110,2,12018,1092,64900
1,4.0,2,3.5,110,2,12018,1730,64900
1,1.0,1,3.5,110,2,12018,1788,64900
0,3.0,2,3.5,110,2,12018,1943,64900
0,1.0,2,3.5,110,2,12018,1789,64900
0,1.0,2,3.5,110,2,12018,1519,64900
0,2.0,2,3.5,110,2,12018,1594,64900
1,2.0,2,3.5,110,2,12018,1659,64900
0,3.0,1,3.5,110,2,12018,1435,64900
1,5.0,1,3.5,110,2,12018,1324,64900
0,1.0,1,3.5,110,2,12018,1308,64900
0,4.0,1,3.5,110,2,12018,1092,64900
0,4.0,1,3.5,110,2,12018,1542,64900
1,1.0,1,3.5,110,2,12018,1992,64900
1,1.0,2,3.5,110,2,12018,1209,64900
0,1.0,2,3.5,110,2,12018,1617,64900
0,3.0,1,3.5,110,2,12018,1621,64900
0,5.0,1,3.5,110,2,12018,1098,64900
0,4.0,2,3.5,110,2,12018,1248,64900
1,5.0,2,3.5,110,2,12018,1909,64900
0,4.0,2,3.5,110,2,12018,1004,64900
0,2.0,1,3.5,110,2,12018,1592,64900
0,3.0,2,3.5,110,2,12018,1940,64900
1,2.0,2,3.5,110,2,12018,1779,64900
1,4.0,2,3.5,110,2,12018,1955,64900
0,4.0,1,3.5,110,2,12018,1443,64900
0,5.0,2,3.5,110,2,12018,1105,64900
0,3.0,2,3.5,110,2,12018,1295,64900
1,1.0,2,3.5,110,2,12018,1481,64900
0,5.0,1,3.5,110,2,12018,1174,64900
0,5.0,2,3.5,110,2,12018,1824,64900
0,1.0,2,3.5,110,2,12018,1770,64900
0,3.0,2,3.5,110,2,12018,1238,64900
0,4.0,2,3.5,110,2,12018,1508,64900
0,1.0,2,3.5,110,2,12018,1899,64900
1,4.0,2,3.5,110,2,12018,1336,64900
1,5.0,2,3.5,110,2,12018,1559,64900
0,1.0,2,3.5,110,2,12018,1273,64900
0,5.0,1,3.5,110,2,12018,1766,64900
0,1.0,2,3.5,110,2,12018,1439,64900
1,4.0,2,3.5,110,2,12018,1953,64900
0,1.0,2,3.5,110,2,12018,1786,64900
0,5.0,2,3.5,110,2,12018,1438,64900
0,4.0,1,3.5,110,2,12018,1688,64900
1,1.0,2,3.5,110,2,12018,1191,64900
0,4.0,1,3.5,110,2,12018,1585,64900
0,5.0,1,3.5,110,2,12018,1752,64900
0,2.0,2,3.5,110,2,12018,1614,64900
0,5.0,1,3.5,110,2,12018,1495,64900
1,4.0,1,3.5,110,2,12018,1613,64900
1,2.0,1,3.5,110,2,12018,1385,64900
0,1.0,2,3.5,110,2,12018,1016,64900
0,4.0,2,3.5,110,2,12018,1479,64900
0,2.0,2,3.5,110,2,12018,1608,64900
1,2.0,2,3.5,110,2,12018,1684,64900
0,5.0,2,3.5,110,2,12018,1650,64900
1,3.0,2,3.5,110,2,12018,1003,64900
1,4.0,2,3.5,110,2,12018,1929,64900
0,3.0,2,3.5,110,2,12018,1507,64900
0,1.0,1,0.95,111,3,3903,1795,850000
0,2.0,1,1.23,111,3,3903,1642,469500
0,5.0,1,2.01,112,3,4027,1013,599990
1,3.0,1,37.66,113,3,3901,1769,399990
1,2.0,1,3.0,113,3,3901,1226,579000
0,4.0,2,24.37,114,3,4027,1900,125000
0,1.0,2,37.5,113,3,3901,1350,399900
1,5.0,1,2.02,114,3,4027,1981,310000
0,1.0,2,9.2,114,3,4027,1299,159900
0,3.0,2,0.64,113,3,3901,1183,99000
0,2.0,2,0.22,113,3,3901,1525,699000
0,5.0,2,35.0,114,3,4027,1019,1500000
0,3.0,2,4.63,115,3,4001,1842,459900
0,3.0,1,4.7,111,3,3903,1095,295000
0,4.0,1,1.05,111,3,3903,1336,225000
1,4.0,1,1.0,111,3,3903,1559,225000
0,2.0,1,0.12,111,3,3903,1743,329000
0,4.0,2,2.97,111,3,3903,1070,549000
1,1.0,2,0.95,111,3,3903,1696,850000
1,5.0,2,3.62,111,3,3903,1306,425000
0,1.0,1,1.23,111,3,3903,1278,469500
0,2.0,1,0.75,111,3,3903,1309,600000
1,4.0,1,0.52,116,3,4217,1734,259000
0,2.0,2,0.91,116,3,4217,1312,669000
0,5.0,1,8.0,116,3,4217,1939,109999
0,1.0,2,1.07,117,3,4261,1155,2995000
1,2.0,1,4.0,117,3,4261,1659,1599000
1,4.0,2,1.53,118,3,4037,2623,359900
0,1.0,2,18.5,116,3,4217,1183,799000
0,1.0,2,1.3,117,3,4261,1563,75000
0,3.0,1,0.3,116,3,4217,1299,189000
1,1.0,2,0.24,119,3,4970,1282,299000
0,5.0,2,1.5,116,3,4217,1466,720000
0,4.0,2,3.45,116,3,4217,1527,65000
0,2.0,2,2.02,116,3,4217,1416,479000
1,4.0,1,1.63,116,3,4217,1697,59000
1,4.0,1,13.83,117,3,4261,1330,280000
0,5.0,2,10.0,117,3,4261,1145,2900000
0,4.0,2,1.8,116,3,4217,1945,649900
0,3.0,2,1.1,119,3,4970,1548,498000
1,4.0,1,1.07,117,3,4261,1489,2995000
0,4.0,2,2.95,116,3,4217,1935,149000
1,4.0,1,0.34,118,3,4037,1793,259900
0,4.0,1,1.92,118,3,4037,1336,49900
1,2.0,1,0.2,118,3,4037,1271,219000
0,2.0,1,1.53,118,3,4037,1608,359900
1,3.0,1,0.92,118,3,4037,1679,550000
0,2.0,1,2.0,111,3,3903,1011,750000
0,1.0,2,3.1,120,3,4095,1142,49900
1,5.0,1,27.0,121,3,4047,1414,119900
0,3.0,2,9.0,122,3,4010,1510,79900
0,5.0,2,10.84,113,3,3901,1564,175000
0,2.0,2,3.0,113,3,3901,1500,579000
0,1.0,1,0.12,111,3,3903,1325,329000
1,1.0,2,1.05,111,3,3903,1709,225000
1,2.0,2,1.0,111,3,3903,1171,225000
0,2.0,2,2.97,111,3,3903,1808,549000
0,3.0,2,0.95,111,3,3903,1329,850000
1,4.0,2,1.23,111,3,3903,1041,469500
1,5.0,1,0.1,123,3,3904,1937,315000
0,2.0,1,1.75,123,3,3904,1202,1800000
1,2.0,1,6.6,124,3,3908,1947,4850000
0,5.0,2,2.97,111,3,3903,1687,549000
1,1.0,1,0.95,111,3,3903,1797,850000
0,5.0,2,0.22,113,3,3901,1751,699000
1,3.0,1,1.23,111,3,3903,1060,469500
1,4.0,1,27.0,121,3,4047,1374,119900
0,1.0,1,2.3,118,3,4037,1999,399900
0,3.0,1,0.78,118,3,4037,1446,369000
1,2.0,2,52.2,122,3,4010,1117,225000
0,3.0,1,0.34,118,3,4037,1068,259900
1,4.0,1,2.0,121,3,4047,1118,240000
0,4.0,1,1.92,118,3,4037,1943,49900
0,2.0,2,7.1,121,3,4047,1094,75000
0,4.0,1,4.13,120,3,4095,1486,469900
1,3.0,1,2.0,121,3,4047,1854,240000
0,5.0,2,0.2,118,3,4037,1575,219000
0,3.0,2,1.92,118,3,4037,1607,49900
1,3.0,1,0.2,118,3,4037,1265,219000
0,1.0,1,1.53,118,3,4037,1274,359900
0,2.0,2,0.92,118,3,4037,1752,550000
0,2.0,1,1.92,118,3,4037,1349,49900
1,1.0,1,0.45,123,3,3905,1782,749000
0,4.0,2,2.0,111,3,3903,1387,750000
1,2.0,2,0.1,123,3,3904,1183,389000
0,4.0,2,0.23,124,3,3908,1138,397500
1,4.0,1,2.01,112,3,4027,1888,599990
0,5.0,2,0.29,123,3,3904,1150,689000
0,4.0,1,0.1,123,3,3904,1279,389000
1,4.0,2,0.31,125,3,3909,1017,142000
0,5.0,2,2.0,111,3,3903,1498,750000
0,4.0,2,0.45,123,3,3905,1051,749000
0,2.0,2,0.23,124,3,3908,1078,397500
1,1.0,1,0.51,125,3,3909,1474,559000
1,4.0,2,0.29,123,3,3904,1327,689000
0,5.0,1,0.2,118,3,4037,1278,219000
1,1.0,2,1.53,118,3,4037,1730,359900
0,3.0,1,0.5,126,3,4009,1741,395000
1,2.0,1,0.92,118,3,4037,1471,550000
0,4.0,2,1.92,118,3,4037,1626,49900
0,4.0,1,2.8,127,3,4231,1912,1795000
0,2.0,1,0.2,118,3,4037,1896,219000
0,5.0,1,0.52,116,3,4217,1423,259000
0,4.0,1,1.53,118,3,4037,1227,359900
0,4.0,2,0.92,118,3,4037,1797,550000
1,2.0,2,1.47,116,3,4217,1442,95000
1,3.0,2,0.2,118,3,4037,1738,219000
0,4.0,2,1.53,118,3,4037,1233,359900
1,3.0,2,1.92,118,3,4037,1208,49900
0,2.0,1,2.3,118,3,4037,1662,399900
0,5.0,2,0.78,118,3,4037,1298,369000
0,5.0,2,52.2,122,3,4010,1014,225000
0,4.0,1,9.0,122,3,4010,1234,79900
0,2.0,2,2.3,118,3,4037,1767,399900
0,1.0,2,27.3,125,3,3909,1875,999999
0,5.0,2,27.3,125,3,3909,1207,999999
0,3.0,1,9.0,122,3,4010,1294,79900
0,4.0,2,6.0,127,3,4231,1620,49900
0,5.0,2,2.3,118,3,4037,1768,399900
0,3.0,2,5.05,128,3,4040,1924,115000
0,1.0,2,5.69,122,3,4010,1062,350000
0,4.0,2,5.5,127,3,4231,1940,169900
0,5.0,1,6.0,127,3,4231,1724,49900
1,5.0,1,5.5,127,3,4231,1974,169900
0,2.0,2,1.3,117,3,4261,1149,75000
0,1.0,2,0.34,118,3,4037,1227,259900
0,4.0,1,52.2,122,3,4010,1720,225000
1,1.0,2,0.3,116,3,4217,1646,189000
0,2.0,2,1.0,127,3,4231,1568,239000
1,5.0,1,3.6,129,3,4051,1578,1195000
1,2.0,1,3.45,116,3,4217,1420,65000
0,2.0,2,1.63,116,3,4217,1014,59000
1,5.0,1,2.3,118,3,4037,1434,399900
0,4.0,1,13.83,117,3,4261,1218,280000
0,4.0,1,18.5,116,3,4217,1043,799000
0,2.0,1,1.8,116,3,4217,1392,649900
1,4.0,2,1.5,116,3,4217,1899,720000
1,1.0,1,1.86,129,3,4051,1154,3400000
1,2.0,1,5.0,129,3,4051,1810,185500
1,5.0,2,2.02,116,3,4217,1722,479000
1,5.0,1,26.1,129,3,4051,1632,2750000
0,2.0,2,10.0,117,3,4261,1944,2900000
0,4.0,1,0.34,118,3,4037,1540,259900
1,3.0,1,2.95,116,3,4217,1969,149000
0,1.0,2,8.0,116,3,4217,1827,109999
0,3.0,2,0.91,116,3,4217,1049,669000
1,1.0,2,1.92,118,3,4037,1063,49900
0,5.0,1,4.0,117,3,4261,1029,1599000
1,1.0,2,2.8,127,3,4231,1373,1795000
1,4.0,1,1.07,117,3,4261,1327,2995000
0,5.0,2,1.86,129,3,4051,1788,3400000
1,4.0,2,3.6,129,3,4051,1551,1195000
0,5.0,1,0.78,118,3,4037,1697,369000
0,4.0,2,30.0,118,3,4037,1462,235000
0,3.0,1,5.0,129,3,4051,1985,185500
0,2.0,1,26.1,129,3,4051,1129,2750000
0,1.0,1,9.0,128,3,4040,1813,489000
1,4.0,2,0.34,118,3,4037,1858,259900
0,3.0,1,52.2,122,3,4010,1618,225000
0,1.0,1,4.11,126,3,4009,1241,973650
0,1.0,1,11.0,125,3,3909,1378,149900
0,3.0,1,10.84,113,3,3901,1384,175000
1,5.0,2,0.51,125,3,3909,1968,295000
0,4.0,2,44.0,125,3,3909,1735,789000
1,2.0,2,1.48,123,3,3854,1737,750000
1,3.0,1,1.48,123,3,3904,1125,750000
0,2.0,1,4.7,111,3,3903,1496,295000
0,4.0,2,1.05,111,3,3903,1322,225000
0,3.0,1,1.0,111,3,3903,1059,225000
0,5.0,1,0.5,123,3,3904,1434,694900
0,5.0,1,0.46,123,3,3904,1008,719900
0,1.0,2,0.09,125,3,3909,1052,21000
0,1.0,1,41.27,125,3,3909,1896,317900
0,3.0,2,2.15,125,3,3909,1013,1850000
1,3.0,1,0.5,123,3,3904,1218,712800
0,5.0,2,0.31,125,3,3909,1830,75000
0,1.0,1,0.12,111,3,3903,1900,329000
0,2.0,1,0.58,125,3,3909,1121,619000
0,5.0,1,2.28,125,3,3909,1815,250000
0,1.0,1,6.6,124,3,3908,1401,4850000
0,2.0,2,12.2,125,3,3909,1487,4300000
0,5.0,2,0.56,125,3,3909,1142,795000
0,5.0,1,3.62,111,3,3903,1571,425000
1,1.0,1,2.97,111,3,3903,1853,549000
0,5.0,2,0.16,125,3,3909,1560,869000
1,5.0,2,0.95,111,3,3903,1693,850000
0,1.0,1,1.23,111,3,3903,1313,469500
1,2.0,1,3.0,111,3,3903,1728,290000
0,4.0,1,0.31,125,3,3909,1898,69900
0,4.0,1,5.3,125,3,3909,1600,1746055
0,3.0,2,23.0,123,3,3904,1427,380000
0,1.0,1,20.0,123,3,3904,1224,489000
0,3.0,1,0.55,123,3,3904,1356,799900
0,3.0,1,2.65,125,3,3909,1884,1245000
0,1.0,1,0.75,111,3,3903,1061,600000
1,5.0,2,12.2,125,3,3909,1693,4300000
1,5.0,2,2.24,125,3,3909,1985,849900
0,3.0,2,0.45,125,3,3909,1638,5950000
1,3.0,2,1.49,124,3,3908,1444,819000
0,5.0,2,0.31,125,3,3909,1602,120000
0,2.0,2,0.47,125,3,3909,1911,629000
0,1.0,1,1.22,125,3,3909,1339,2150000
0,5.0,2,0.26,125,3,3909,1851,799900
1,3.0,2,0.1,123,3,3904,1334,315000
0,2.0,1,0.09,125,3,3909,1989,550000
0,4.0,1,1.75,123,3,3904,1833,1800000
0,2.0,1,1.02,125,3,3909,1489,675000
0,3.0,2,10.84,113,3,3901,1203,175000
0,2.0,2,11.0,125,3,3909,1344,149900
0,2.0,2,53.0,113,3,3901,1806,650000
0,2.0,2,37.66,113,3,3901,1013,399990
0,4.0,1,1.48,123,3,3854,1226,750000
0,4.0,1,3.0,113,3,3901,1283,579000
0,1.0,1,1.48,123,3,3904,1467,750000
0,4.0,1,24.37,114,3,4027,1164,125000
0,2.0,1,4.7,111,3,3903,1928,295000
1,2.0,2,37.5,113,3,3901,1999,399900
1,1.0,1,0.46,123,3,3904,1812,719900
0,3.0,1,1.56,114,3,4027,1807,59900
0,1.0,2,2.02,114,3,4027,1270,310000
0,1.0,2,9.2,114,3,4027,1017,159900
0,4.0,1,0.5,123,3,3904,1520,694900
0,1.0,1,41.27,125,3,3909,1375,317900
0,1.0,1,6.6,124,3,3908,1481,4850000
0,5.0,1,0.5,123,3,3904,1975,712800
1,5.0,1,1.0,111,3,3903,1253,225000
1,2.0,2,1.05,111,3,3903,1592,225000
0,3.0,2,0.62,113,3,3901,1432,99000
1,2.0,2,0.12,111,3,3903,1421,329000
0,2.0,1,2.97,111,3,3903,1164,549000
1,4.0,2,0.95,111,3,3903,1949,850000
0,4.0,1,35.0,114,3,4027,1803,1500000
0,1.0,1,3.62,111,3,3903,1877,425000
0,3.0,1,0.22,113,3,3901,1464,699000
0,2.0,1,1.23,111,3,3903,1091,469500
0,2.0,2,3.0,111,3,3903,1152,290000
0,4.0,1,0.55,123,3,3904,1609,799900
0,2.0,2,0.75,111,3,3903,1451,600000
1,1.0,2,1.49,124,3,3908,1945,819000
0,2.0,2,23.0,123,3,3904,1484,380000
0,5.0,1,20.0,123,3,3904,1827,489000
0,4.0,2,2.1,113,3,3901,1840,450000
0,4.0,1,4.63,115,3,4001,1669,459900
0,4.0,2,0.1,123,3,3904,1979,315000
1,1.0,1,1.0,130,3,3906,1114,345000
0,5.0,2,1.75,123,3,3904,1051,1800000
1,2.0,1,0.78,118,3,4037,1584,369000
0,4.0,1,0.34,118,3,4037,1131,259900
1,3.0,1,52.2,122,3,4010,1850,225000
0,5.0,2,0.15,130,3,3906,1243,310000
0,1.0,1,1.5,131,3,4061,1673,294500
1,1.0,2,0.5,131,3,4061,1830,299900
0,5.0,1,0.23,132,3,4073,1158,129900
1,3.0,2,1.01,132,3,4073,1982,199000
0,1.0,1,0.55,133,3,4076,1899,349900
0,4.0,1,1.8,131,3,4087,1503,349900
1,1.0,1,0.43,132,3,4073,1800,235000
1,3.0,2,0.5,131,3,4061,1719,365000
0,3.0,2,1.9,133,3,4076,1335,399900
1,1.0,2,0.69,132,3,4073,1880,220000
0,2.0,2,2.0,111,3,3903,1564,750000
0,5.0,1,3.0,134,3,4049,1433,499894
0,5.0,1,0.23,124,3,3908,1162,397500
0,3.0,2,2.01,112,3,4027,1182,599990
0,4.0,1,1.0,130,3,3906,1172,345000
0,1.0,2,0.54,135,3,4090,1344,389000
0,1.0,2,0.1,123,3,3904,1436,389000
1,5.0,1,0.31,125,3,3909,1432,142000
0,1.0,2,0.45,123,3,3905,1775,749000
1,1.0,1,2.0,111,3,3903,1863,750000
0,2.0,2,0.59,135,3,4090,1226,599900
0,5.0,2,0.08,135,3,4090,1769,420000
0,3.0,1,0.23,124,3,3908,1974,397500
0,3.0,2,0.51,125,3,3909,1279,559000
0,2.0,1,0.24,136,3,3907,1207,724000
1,1.0,1,2.17,136,3,3907,1781,1785000
1,3.0,1,24.0,135,3,4090,1502,999000
0,3.0,1,0.29,123,3,3904,1384,689000
0,5.0,2,0.1,123,3,3904,1012,389000
1,2.0,1,0.45,123,3,3905,1704,749000
1,3.0,2,2.0,111,3,3903,1869,750000
0,2.0,1,0.51,125,3,3909,1646,559000
0,5.0,2,0.29,123,3,3904,1840,689000
1,4.0,2,0.15,130,3,3906,1776,310000
0,3.0,1,2.0,111,3,3903,1017,750000
0,2.0,2,0.23,124,3,3908,1225,397500
0,2.0,1,0.15,130,3,3906,1681,310000
1,1.0,1,0.23,132,3,4073,1520,129900
0,1.0,1,0.31,125,3,3909,1153,142000
1,3.0,1,1.01,132,3,4073,1857,199000
0,4.0,2,2.42,135,3,4090,1756,450000
0,5.0,1,0.54,135,3,4090,1404,389000
1,1.0,1,0.43,132,3,4073,1451,235000
0,4.0,2,0.69,132,3,4073,1621,220000
1,1.0,2,0.45,123,3,3905,1255,749000
0,2.0,2,0.1,123,3,3904,1917,389000
0,4.0,2,2.0,111,3,3903,1165,750000
0,3.0,2,2.17,136,3,3907,1914,1785000
0,5.0,2,0.23,124,3,3908,1067,397500
0,2.0,2,0.24,136,3,3907,1762,724000
0,3.0,2,24.0,135,3,4090,1643,999000
0,5.0,1,0.08,135,3,4090,1001,420000
1,2.0,2,2.01,112,3,4027,1640,599990
0,1.0,2,0.29,123,3,3904,1310,689000
0,4.0,2,0.51,125,3,3909,1668,559000
0,4.0,2,0.11,135,3,4090,1505,479900
0,2.0,2,2.0,111,3,3903,1571,750000
0,2.0,1,0.1,123,3,3904,1910,389000
0,1.0,1,0.45,123,3,3905,1752,749000
1,1.0,2,0.31,125,3,3909,1679,142000
0,5.0,2,0.51,125,3,3909,1604,559000
0,3.0,1,0.23,124,3,3908,1396,397500
0,2.0,1,0.29,123,3,3904,1515,689000
0,3.0,1,5.23,121,3,4047,1658,44000
0,4.0,1,4.89,121,3,4047,1035,43000
1,3.0,2,2.56,121,3,4047,1775,39350
0,1.0,2,2.31,121,3,4047,1949,38000
1,2.0,1,2.45,121,3,4047,1419,39000
0,4.0,1,8.0,131,3,4061,1667,175000
0,4.0,1,7.97,131,3,4002,1074,325000
0,2.0,2,22.1,132,3,4073,1726,695000
0,5.0,1,5.13,125,3,3902,1562,145000
1,5.0,1,10.84,113,3,3901,1512,175000
0,2.0,1,11.0,125,3,3909,1812,149900
0,1.0,2,3.0,125,3,3902,1358,140000
1,4.0,1,53.0,113,3,3901,1573,650000
0,3.0,1,27.3,125,3,3909,1996,999999
0,5.0,1,3.0,113,3,3901,1100,579000
1,2.0,1,2.6,135,3,4090,1130,565000
1,2.0,2,0.23,136,3,3907,1264,799000
1,1.0,1,0.64,125,3,3902,1058,149800
0,3.0,2,2.7,124,3,3908,1141,112500
0,3.0,1,0.29,125,3,3902,1788,150000
0,5.0,1,4.7,111,3,3903,1055,295000
0,3.0,2,0.12,136,3,3907,1998,1995000
0,2.0,1,2.03,125,3,3902,1371,139000
1,5.0,1,9.46,124,3,3908,1487,600000
0,4.0,2,37.5,113,3,3901,1548,399900
0,1.0,1,0.51,125,3,3909,1654,295000
1,5.0,2,37.66,113,3,3901,1209,399990
0,4.0,2,0.84,136,3,3907,1866,1695000
0,3.0,2,1.03,125,3,3902,1910,750000
0,3.0,2,1.03,125,3,3909,1777,750000
0,1.0,2,3.0,125,3,3902,1940,1149000
1,4.0,1,44.0,125,3,3909,1722,789000
1,5.0,2,1.48,123,3,3854,1408,750000
0,5.0,1,1.48,123,3,3904,1437,750000
1,4.0,2,27.3,125,3,3909,1660,999999
0,4.0,1,11.0,125,3,3909,1392,149900
0,4.0,2,1.48,123,3,3854,1130,750000
1,3.0,1,1.48,123,3,3904,1107,750000
0,3.0,1,3.0,113,3,3901,1542,579000
0,2.0,2,10.84,113,3,3901,1233,175000
0,1.0,2,2.7,124,3,3908,1860,112500
1,3.0,2,37.66,113,3,3901,1653,399990
1,3.0,1,53.0,113,3,3901,1388,650000
0,4.0,2,1.48,123,3,3854,1258,750000
0,4.0,2,32.0,135,3,4090,1165,999000
0,4.0,2,1.48,123,3,3904,1437,750000
1,3.0,1,11.0,125,3,3909,1067,149900
1,3.0,1,5.13,125,3,3902,1056,145000
0,5.0,1,10.84,113,3,3901,1262,175000
0,4.0,2,0.29,125,3,3902,1347,150000
1,3.0,2,0.23,132,3,4083,1889,68598
0,4.0,2,2.7,124,3,3908,1701,112500
1,5.0,1,2.03,125,3,3902,1175,139000
0,2.0,2,3.0,125,3,3902,1029,140000
0,4.0,1,1.03,125,3,3902,1577,750000
0,3.0,1,37.66,113,3,3901,1007,399990
1,5.0,2,1.03,125,3,3909,1843,750000
1,4.0,2,3.0,125,3,3902,1986,1149000
1,2.0,2,0.51,125,3,3909,1021,295000
1,3.0,1,22.1,132,3,4073,1150,695000
1,5.0,1,53.0,113,3,3901,1279,650000
0,3.0,1,27.3,125,3,3909,1211,999999
0,4.0,2,44.0,125,3,3909,1172,789000
0,3.0,2,1.48,123,3,3854,1498,750000
0,3.0,1,32.0,135,3,4090,1768,999000
1,1.0,2,3.0,113,3,3901,1859,579000
0,5.0,2,1.48,123,3,3904,1852,750000
0,1.0,1,11.0,125,3,3909,1689,149900
1,4.0,1,5.13,125,3,3902,1909,145000
1,3.0,2,10.84,113,3,3901,1755,175000
0,1.0,1,0.29,125,3,3902,1782,150000
1,5.0,1,3.0,125,3,3902,1296,140000
0,3.0,1,2.7,124,3,3908,1182,112500
0,2.0,1,2.03,125,3,3902,1415,139000
0,1.0,1,1.03,125,3,3902,1632,750000
1,1.0,2,0.51,125,3,3909,1165,295000
0,1.0,2,1.03,125,3,3909,1372,750000
0,4.0,1,3.0,125,3,3902,1445,1149000
1,4.0,2,1.48,123,3,3854,1348,750000
0,2.0,1,44.0,125,3,3909,1897,789000
0,1.0,2,27.3,125,3,3909,1682,999999
0,4.0,1,1.48,123,3,3904,1452,750000
0,5.0,1,0.64,125,3,3902,1948,149800
1,3.0,1,4.7,111,3,3903,1374,295000
0,2.0,1,0.09,125,3,3909,1490,21000
1,2.0,2,3.6,125,3,3902,1158,155000
1,1.0,1,2.0,125,3,3902,1438,150000
1,2.0,1,1.05,111,3,3903,1043,225000
0,3.0,2,1.0,111,3,3903,1248,225000
0,3.0,2,0.5,123,3,3904,1670,694900
1,4.0,1,0.46,123,3,3904,1864,719900
0,2.0,2,41.27,125,3,3909,1758,317900
1,2.0,1,6.6,124,3,3908,1867,4850000
0,2.0,2,2.15,125,3,3909,1452,1850000
0,4.0,2,0.5,123,3,3904,1120,712800
1,1.0,1,0.31,125,3,3909,1072,75000
0,1.0,2,0.12,111,3,3903,1655,329000
1,2.0,2,3.62,111,3,3903,1464,425000
0,1.0,2,2.97,111,3,3903,1683,549000
1,2.0,2,0.95,111,3,3903,1699,850000
1,4.0,2,0.58,125,3,3909,1502,619000
0,2.0,2,2.28,125,3,3909,1673,250000
1,4.0,2,0.16,125,3,3909,1544,869000
0,1.0,1,12.2,125,3,3909,1065,4300000
1,2.0,2,0.56,125,3,3909,1072,795000
1,3.0,1,0.31,125,3,3909,1415,69900
0,3.0,2,47.7,125,3,3902,1048,149900
0,3.0,2,5.3,125,3,3909,1684,1746055
1,5.0,2,1.23,111,3,3903,1885,469500
0,5.0,1,2.7,124,3,3908,1902,527800
1,2.0,1,23.0,123,3,3904,1423,380000
1,1.0,2,3.0,111,3,3903,1780,290000
1,2.0,2,20.0,123,3,3904,1589,489000
0,2.0,2,0.55,123,3,3904,1800,799900
0,5.0,1,47.7,125,3,3909,1405,149900
0,2.0,1,0.75,111,3,3903,1697,600000
1,1.0,1,2.65,125,3,3909,1883,1245000
1,1.0,1,12.2,125,3,3909,1441,4300000
1,2.0,1,1.49,124,3,3908,1041,819000
0,4.0,1,0.31,125,3,3909,1470,120000
0,3.0,2,2.24,125,3,3909,1944,849900
0,1.0,2,0.45,125,3,3909,1180,5950000
0,4.0,1,1.22,125,3,3909,1442,2150000
0,3.0,1,0.47,125,3,3909,1734,629000
0,5.0,1,0.26,125,3,3909,1166,799900
0,4.0,2,0.68,125,3,3909,1396,439000
1,4.0,2,0.1,123,3,3904,1782,315000
1,3.0,1,2.08,125,3,3902,1598,925000
1,1.0,2,1.8,125,3,3902,1725,2998000
0,5.0,1,2.0,125,3,3902,1813,999000
1,4.0,1,1.75,123,3,3904,1674,1800000
0,2.0,1,0.09,125,3,3909,1445,550000
1,1.0,1,1.02,125,3,3909,1409,675000
1,4.0,2,2.0,135,3,4090,1662,349000
1,1.0,1,24.37,114,3,4027,1347,125000
0,4.0,2,3.6,125,3,3902,1359,155000
0,3.0,1,0.05,132,3,4073,1643,299900
1,5.0,2,0.27,132,3,4073,1999,304900
1,1.0,1,0.68,132,3,4073,1702,334900
1,5.0,1,2.6,135,3,4090,1483,565000
1,2.0,2,0.22,132,3,4073,1737,425000
0,2.0,1,0.64,125,3,3902,1577,149800
0,5.0,1,9.46,124,3,3908,1808,600000
0,3.0,2,0.23,136,3,3907,1326,799000
1,3.0,2,0.97,135,3,4090,1911,1649000
0,4.0,1,0.12,136,3,3907,1852,1995000
1,2.0,1,4.7,111,3,3903,1477,295000
1,3.0,2,0.84,136,3,3907,1774,1695000
0,4.0,2,37.5,113,3,3901,1466,399900
1,2.0,1,0.46,123,3,3904,1363,719900
0,1.0,1,1.3,135,3,4090,1626,299900
0,2.0,2,1.37,114,3,4027,1191,59900
0,4.0,2,3.0,132,3,4073,1624,367900
1,4.0,2,0.09,125,3,3909,1791,21000
0,2.0,2,1.12,132,3,4073,1305,334900
0,3.0,1,0.87,136,3,3907,1824,4950000
0,3.0,2,0.85,136,3,3907,1864,1550000
1,5.0,2,1.45,132,3,4073,1975,354900
0,4.0,2,41.27,125,3,3909,1275,317900
1,3.0,1,2.0,125,3,3902,1058,150000
0,4.0,2,2.15,125,3,3909,1962,1850000
1,4.0,1,1.37,135,3,4090,1709,449000
1,1.0,1,2.0,135,3,4090,1044,789900
1,4.0,2,0.5,123,3,3904,1068,694900
1,1.0,1,1.05,111,3,3903,1321,225000
1,2.0,1,1.0,111,3,3903,1220,225000
1,4.0,2,0.5,123,3,3904,1666,712800
0,4.0,2,0.71,136,3,3907,1237,1700000
0,5.0,1,0.31,125,3,3909,1302,75000
0,5.0,1,1.94,135,3,4090,1160,179000
0,1.0,2,2.02,114,3,4027,1704,310000
0,1.0,2,0.15,132,3,4073,1052,299000
1,3.0,1,0.05,135,3,4090,1612,259000
0,5.0,2,9.2,114,3,4027,1186,159900
0,5.0,1,0.12,111,3,3903,1691,329000
0,4.0,2,0.58,125,3,3909,1286,619000
0,5.0,1,6.6,124,3,3908,1478,4850000
0,3.0,2,2.28,125,3,3909,1783,250000
0,5.0,2,0.09,135,3,4090,1279,1899000
0,3.0,2,0.17,136,3,3907,1610,1200000
1,2.0,1,0.56,125,3,3909,1063,795000
0,1.0,2,0.11,135,3,4090,1228,925000
0,2.0,1,1.74,113,3,3901,1465,99000
1,5.0,2,2.3,135,3,4090,1574,225000
0,3.0,1,5.3,124,3,3908,1657,149900
1,5.0,1,1.03,132,3,4073,1536,334900
0,3.0,1,3.62,111,3,3903,1642,425000
0,4.0,1,2.97,111,3,3903,1347,549000
1,5.0,2,1.65,132,3,4073,1684,354900
1,5.0,2,0.16,125,3,3909,1008,869000
0,2.0,1,0.95,111,3,3903,1164,850000
0,2.0,1,0.22,113,3,3901,1287,699000
0,1.0,2,1.23,111,3,3903,1590,469500
1,4.0,1,2.7,124,3,3908,1578,527800
0,2.0,2,3.0,111,3,3903,1679,290000
0,1.0,1,0.62,136,3,3907,1341,3300000
0,2.0,2,12.2,125,3,3909,1485,4300000
0,5.0,2,0.31,125,3,3909,1224,69900
0,4.0,1,47.7,125,3,3902,1083,149900
0,2.0,1,0.5,132,3,4073,1259,129900
0,5.0,2,4.2,135,3,4090,1302,450000
1,2.0,2,0.39,132,3,4083,1691,415000
0,2.0,1,0.07,130,3,3906,1606,239900
0,2.0,2,0.11,135,3,4090,1869,415000
1,4.0,2,1.89,130,3,3906,1512,745000
1,3.0,1,35.0,114,3,4027,1923,1500000
0,2.0,2,0.14,132,3,4073,1833,289000
0,5.0,1,0.46,135,3,4090,1591,549000
0,5.0,1,5.3,125,3,3909,1275,1746055
0,5.0,2,1.42,137,3,4043,1039,549000
1,4.0,2,23.0,123,3,3904,1997,380000
0,1.0,1,0.55,123,3,3904,1511,799900
0,5.0,2,0.69,132,3,4073,1165,1200000
0,1.0,1,20.0,123,3,3904,1456,489000
0,4.0,2,0.31,125,3,3909,1891,120000
1,3.0,2,47.7,125,3,3909,1274,149900
1,1.0,1,2.1,113,3,3901,1696,450000
0,1.0,1,2.65,125,3,3909,1839,1245000
1,5.0,1,1.5,135,3,4090,1043,475000
0,4.0,1,2.24,125,3,3909,1430,849900
0,4.0,2,0.35,136,3,3907,1797,900000
0,1.0,1,0.45,125,3,3909,1760,5950000
1,3.0,1,12.2,125,3,3909,1332,4300000
1,5.0,2,0.75,111,3,3903,1089,600000
1,5.0,2,1.22,125,3,3909,1162,2150000
1,5.0,2,1.49,124,3,3908,1767,819000
1,4.0,2,0.47,125,3,3909,1141,629000
0,1.0,1,0.26,125,3,3909,1103,799900
0,4.0,2,0.13,135,3,4090,1993,1350000
1,4.0,2,1.0,130,3,3906,1475,345000
0,3.0,2,0.1,132,3,4073,1408,299900
0,4.0,1,0.48,135,3,4090,1313,360000
1,3.0,2,0.13,132,3,4073,1649,250000
0,3.0,1,0.57,132,3,4073,1494,174900
0,1.0,1,0.09,132,3,4073,1308,490000
0,4.0,1,0.59,135,3,4090,1922,599900
1,5.0,2,0.16,132,3,4073,1491,299000
0,2.0,2,1.36,135,3,4090,1198,169999
1,2.0,2,1.02,125,3,3909,1327,675000
1,5.0,1,24.37,114,3,4027,1903,125000
0,1.0,2,4.7,111,3,3903,1184,295000
0,1.0,2,9.46,124,3,3908,1483,600000
1,1.0,2,37.5,113,3,3901,1283,399900
0,1.0,1,0.1,135,3,4090,1543,69900
1,4.0,2,0.68,125,3,3909,1436,439000
1,2.0,2,2.08,125,3,3902,1182,925000
0,4.0,2,0.1,123,3,3904,1472,315000
0,4.0,1,3.0,135,3,4090,1848,525000
0,5.0,1,0.1,136,3,3907,1552,869000
0,3.0,1,0.09,125,3,3909,1608,550000
0,2.0,2,1.8,125,3,3902,1813,2998000
0,5.0,2,0.35,136,3,3907,1689,1249900
1,2.0,1,0.15,135,3,4090,1674,1250000
0,2.0,1,2.0,125,3,3902,1531,999000
0,1.0,1,1.75,123,3,3904,1203,1800000
1,4.0,1,0.46,123,3,3904,1219,719900
1,2.0,1,1.05,111,3,3903,1108,225000
0,5.0,2,1.0,111,3,3903,1828,225000
0,2.0,2,0.5,123,3,3904,1115,694900
0,4.0,1,9.2,114,3,4027,1722,159900
0,5.0,2,41.27,125,3,3909,1918,317900
0,4.0,1,6.6,124,3,3908,1781,4850000
0,3.0,2,0.5,123,3,3904,1730,712800
0,2.0,2,0.12,111,3,3903,1877,329000
0,1.0,2,0.22,113,3,3901,1714,699000
0,5.0,2,3.62,111,3,3903,1806,425000
1,5.0,1,1.23,111,3,3903,1961,469500
1,2.0,2,2.7,124,3,3908,1839,527800
0,4.0,2,3.0,111,3,3903,1890,290000
0,5.0,2,0.07,130,3,3906,1320,239900
0,3.0,1,1.89,130,3,3906,1522,745000
1,4.0,1,23.0,123,3,3904,1746,380000
1,1.0,1,0.75,111,3,3903,1545,600000
0,3.0,1,1.49,124,3,3908,1234,819000
0,1.0,1,2.1,113,3,3901,1628,450000
1,3.0,1,1.75,123,3,3904,1246,1800000
0,5.0,2,1.0,130,3,3906,1432,345000
1,2.0,2,0.2,113,3,3901,1085,99000
1,3.0,2,2.3,135,3,4090,1143,225000
1,1.0,1,5.3,124,3,3908,1294,149900
1,5.0,1,2.97,111,3,3903,1612,549000
0,4.0,1,0.95,111,3,3903,1935,850000
0,1.0,2,4.7,111,3,3903,1239,295000
1,5.0,1,0.46,123,3,3904,1670,719900
1,1.0,1,1.05,111,3,3903,1637,225000
1,3.0,2,1.0,111,3,3903,1946,225000
1,5.0,1,0.5,123,3,3904,1435,694900
0,3.0,2,2.15,125,3,3909,1713,1850000
1,2.0,2,0.5,123,3,3904,1697,712800
0,5.0,2,0.12,111,3,3903,1717,329000
1,2.0,2,0.58,125,3,3909,1304,619000
0,5.0,2,12.2,125,3,3909,1834,4300000
0,1.0,2,2.97,111,3,3903,1518,549000
0,4.0,1,0.16,125,3,3909,1521,869000
0,3.0,2,0.95,111,3,3903,1154,850000
0,2.0,2,5.3,125,3,3909,1494,1746055
0,3.0,1,0.55,123,3,3904,1906,799900
0,5.0,1,2.24,125,3,3909,1510,849900
0,2.0,1,12.2,125,3,3909,1777,4300000
0,3.0,1,0.47,125,3,3909,1852,629000
1,3.0,1,1.22,125,3,3909,1169,2150000
0,1.0,2,23.0,123,3,3904,1975,380000
1,3.0,1,20.0,123,3,3904,1402,489000
0,4.0,1,0.1,123,3,3904,1691,315000
0,2.0,1,1.75,123,3,3904,1701,1800000
1,3.0,1,0.09,125,3,3909,1303,21000
0,3.0,2,3.6,125,3,3902,1474,155000
0,5.0,2,41.27,125,3,3909,1575,317900
1,1.0,2,1.05,111,3,3903,1587,225000
0,1.0,1,2.0,125,3,3902,1818,150000
1,4.0,1,1.0,111,3,3903,1964,225000
1,3.0,2,2.15,125,3,3909,1836,1850000
0,5.0,2,2.0,135,3,4090,1079,789900
0,4.0,1,0.85,136,3,3907,1599,1550000
1,2.0,2,0.5,123,3,3904,1039,694900
1,4.0,2,0.5,123,3,3904,1198,712800
0,1.0,1,0.87,136,3,3907,1682,4950000
1,4.0,1,0.46,123,3,3904,1069,719900
1,3.0,2,0.71,136,3,3907,1743,1700000
1,1.0,2,0.31,125,3,3909,1985,75000
0,5.0,1,0.95,113,3,3901,1417,99000
1,4.0,2,0.12,111,3,3903,1546,329000
0,2.0,1,2.97,111,3,3903,1718,549000
0,2.0,2,6.6,124,3,3908,1276,4850000
1,5.0,1,0.58,125,3,3909,1632,619000
0,5.0,2,0.95,111,3,3903,1324,850000
0,3.0,1,2.28,125,3,3909,1868,250000
0,1.0,1,0.09,135,3,4090,1740,1899000
0,2.0,2,0.17,136,3,3907,1574,1200000
1,4.0,1,12.2,125,3,3909,1891,4300000
0,1.0,1,0.56,125,3,3909,1847,795000
1,2.0,2,0.11,135,3,4090,1799,925000
0,2.0,2,0.31,125,3,3909,1108,69900
0,1.0,2,47.7,125,3,3902,1222,149900
0,4.0,1,2.3,135,3,4090,1717,225000
1,2.0,1,5.3,124,3,3908,1627,149900
0,4.0,1,3.62,111,3,3903,1689,425000
0,3.0,1,0.22,113,3,3901,1236,699000
1,1.0,1,0.46,135,3,4090,1943,549000
0,5.0,1,0.16,125,3,3909,1977,869000
1,4.0,2,1.23,111,3,3903,1808,469500
0,2.0,2,2.7,124,3,3908,1586,527800
1,5.0,1,5.3,125,3,3909,1278,1746055
0,4.0,2,3.0,111,3,3903,1105,290000
0,4.0,2,0.62,136,3,3907,1945,3300000
1,5.0,2,0.55,123,3,3904,1311,799900
1,1.0,2,0.31,125,3,3909,1434,120000
0,3.0,1,47.7,125,3,3909,1591,149900
0,1.0,2,2.65,125,3,3909,1583,1245000
1,5.0,1,2.24,125,3,3909,1963,849900
1,1.0,1,12.2,125,3,3909,1333,4300000
0,3.0,2,0.35,136,3,3907,1047,900000
1,3.0,2,0.45,125,3,3909,1837,5950000
1,1.0,2,0.75,111,3,3903,1322,600000
1,5.0,2,1.49,124,3,3908,1406,819000
0,4.0,1,0.47,125,3,3909,1950,629000
0,4.0,2,0.26,125,3,3909,1398,799900
0,3.0,1,1.22,125,3,3909,1141,2150000
1,5.0,1,23.0,123,3,3904,1933,380000
0,1.0,2,0.13,135,3,4090,1336,1350000
0,3.0,2,20.0,123,3,3904,1695,489000
0,4.0,2,0.68,125,3,3909,1100,439000
1,5.0,1,0.32,135,3,4090,1734,69900
0,4.0,2,0.1,123,3,3904,1995,315000
0,1.0,2,2.08,125,3,3902,1810,925000
1,2.0,1,1.02,125,3,3909,1834,675000
0,3.0,2,0.1,136,3,3907,1544,869000
0,1.0,1,0.09,125,3,3909,1926,550000
0,5.0,2,1.8,125,3,3902,1745,2998000
1,5.0,1,0.35,136,3,3907,1567,1249900
0,4.0,2,0.15,135,3,4090,1913,1250000
1,3.0,2,2.0,125,3,3902,1131,999000
1,1.0,2,1.75,123,3,3904,1384,1800000
1,5.0,2,27.0,121,3,4047,1290,119900
1,5.0,2,2.0,121,3,4047,1698,240000
1,5.0,2,27.0,121,3,4047,1764,119900
1,2.0,1,5.5,138,3,4020,1631,49900
0,2.0,1,1.15,121,3,4047,1717,65000
0,5.0,1,0.42,131,3,4061,1765,87500
1,3.0,2,0.42,131,3,4087,1456,87500
0,5.0,1,10.84,113,3,3901,1534,175000
1,4.0,1,52.33,132,3,4083,1547,375000
0,2.0,2,53.0,113,3,3901,1993,650000
0,2.0,1,0.8,133,3,4076,1681,399000
0,3.0,2,3.0,113,3,3901,1482,579000
1,1.0,2,3.1,120,3,4095,1719,49900
0,1.0,2,8.47,132,3,4083,1455,312900
0,2.0,1,0.13,132,3,4073,1749,304900
0,4.0,1,8.47,132,3,4083,1314,307900
0,1.0,2,1.23,132,3,4073,1733,334900
0,1.0,2,0.23,132,3,4083,1716,68598
1,1.0,2,5.69,122,3,4010,1301,350000
0,3.0,1,37.66,113,3,3901,1005,399990
0,3.0,1,8.47,132,3,4083,1306,307900
0,3.0,1,24.37,114,3,4027,1578,125000
0,1.0,1,8.47,132,3,4083,1089,309900
0,4.0,1,4.0,134,3,4049,1974,59000
0,4.0,2,0.22,132,3,4073,1114,425000
1,2.0,1,37.5,113,3,3901,1042,399900
1,3.0,1,4.7,111,3,3903,1645,295000
0,5.0,1,0.43,120,3,4095,1190,162500
1,3.0,2,1.4,133,3,4076,1129,349000
0,5.0,2,1.0,139,3,4041,1061,290000
0,3.0,2,5.87,134,3,4049,1773,100000
0,4.0,1,1.3,131,3,4030,1169,549000
0,4.0,1,0.05,132,3,4073,1755,299900
1,4.0,2,0.25,132,3,4073,1590,354900
1,5.0,2,0.47,132,3,4073,1772,334900
0,2.0,1,3.88,140,3,4022,1014,295000
0,1.0,2,1.05,111,3,3903,1848,225000
1,2.0,1,1.0,111,3,3903,1724,225000
1,2.0,2,1.77,114,3,4027,1358,59900
0,2.0,2,3.0,132,3,4073,1309,367900
0,2.0,1,9.2,114,3,4027,1822,159900
0,2.0,1,6.6,124,3,3908,1807,4850000
0,1.0,1,41.27,125,3,3909,1273,317900
1,2.0,1,3.1,132,3,4083,1519,349000
0,3.0,1,0.15,132,3,4073,1455,299000
1,2.0,1,2.02,114,3,4027,1950,310000
0,5.0,1,0.12,111,3,3903,1586,329000
0,1.0,1,3.7,133,3,4076,1943,425000
0,3.0,2,1.84,141,3,4048,1197,80000
1,1.0,1,0.17,113,3,3901,1717,99000
1,5.0,2,7.1,121,3,4047,1521,75000
0,3.0,2,1.0,132,3,4083,1608,259000
0,1.0,1,2.97,111,3,3903,1008,549000
1,2.0,1,4.13,120,3,4095,1182,469900
0,4.0,2,0.92,132,3,4073,1375,334900
1,1.0,2,0.11,132,3,4073,1926,354900
1,1.0,2,0.95,111,3,3903,1980,850000
1,1.0,1,2.0,121,3,4047,1114,240000
0,4.0,1,0.44,131,3,4087,1808,99750
1,2.0,2,13.48,142,3,4091,1366,515000
0,2.0,2,0.22,113,3,3901,1000,699000
0,4.0,2,1.75,120,3,4095,1130,219000
0,1.0,2,3.62,111,3,3903,1771,425000
1,5.0,1,1.23,111,3,3903,1941,469500
0,2.0,1,3.0,111,3,3903,1085,290000
0,1.0,1,0.4,131,3,4061,1881,174900
0,5.0,2,0.5,132,3,4073,1994,129900
1,5.0,2,0.07,130,3,3906,1127,239900
1,2.0,2,2.82,134,3,4049,1702,485000
1,4.0,1,0.14,132,3,4073,1010,289000
1,1.0,1,0.39,132,3,4083,1933,415000
0,5.0,1,1.89,130,3,3906,1837,745000
1,2.0,2,35.0,114,3,4027,1650,1500000
0,4.0,1,50.2,121,3,4047,1715,225000
0,3.0,1,8.47,132,3,4083,1982,319900
0,4.0,1,8.47,132,3,4083,1666,324900
1,4.0,1,8.47,132,3,4083,1401,324900
1,4.0,1,0.69,132,3,4073,1259,1200000
1,2.0,1,0.89,143,3,4002,1719,679900
1,5.0,1,1.56,144,3,4083,1654,178600
1,1.0,2,1.79,115,3,4001,1890,225000
0,3.0,2,0.57,133,3,4076,1404,284980
0,1.0,1,0.23,131,3,4061,1370,55000
0,2.0,1,0.24,115,3,4001,1786,599900
0,4.0,2,0.56,133,3,4076,1513,449900
1,4.0,2,0.75,111,3,3903,1242,600000
0,3.0,1,1.49,124,3,3908,1259,819000
0,4.0,1,0.64,115,3,4001,1157,1600000
1,1.0,1,0.92,133,3,4076,1050,499900
1,2.0,1,0.34,133,3,4076,1567,850000
0,4.0,2,2.1,113,3,3901,1800,450000
0,3.0,2,4.63,115,3,4001,1211,459900
0,1.0,2,2.4,121,3,4047,1260,259900
1,2.0,2,0.07,132,3,4083,1005,299900
0,4.0,2,1.71,140,3,4022,1730,70000
0,2.0,2,0.59,115,3,4001,1812,150000
1,1.0,2,0.21,132,3,4083,1543,279900
1,2.0,1,0.1,132,3,4073,1446,299900
0,1.0,1,3.4,134,3,4049,1092,332000
1,1.0,2,2.8,134,3,4049,1603,425000
0,1.0,1,3.59,141,3,4048,1230,289900
0,1.0,1,0.6,131,3,4061,1739,299900
1,5.0,2,1.43,131,3,4087,1025,249900
0,5.0,2,0.13,132,3,4073,1844,250000
1,4.0,1,1.0,130,3,3906,1551,345000
0,5.0,2,0.57,132,3,4073,1475,174900
0,4.0,2,0.09,132,3,4073,1632,490000
0,5.0,2,2.0,134,3,4049,1553,295000
0,4.0,1,0.16,132,3,4073,1901,299000
0,2.0,1,0.2,118,3,4037,1172,219000
1,2.0,1,1.53,118,3,4037,1933,359900
1,5.0,1,1.5,131,3,4061,1260,294500
0,3.0,1,0.5,131,3,4061,1200,299900
0,3.0,2,0.2,118,3,4037,1827,219000
0,2.0,1,0.59,115,3,4001,1790,150000
1,5.0,2,3.4,134,3,4049,1529,332000
0,4.0,2,3.59,141,3,4048,1934,289900
1,4.0,2,0.5,131,3,4061,1657,365000
0,4.0,1,0.55,133,3,4076,1665,349900
1,5.0,1,1.9,133,3,4076,1668,399900
1,2.0,2,1.8,131,3,4087,1252,349900
0,1.0,1,0.6,131,3,4061,1864,299900
1,3.0,1,0.21,132,3,4083,1748,279900
1,1.0,1,2.0,134,3,4049,1965,295000
0,3.0,2,0.5,131,3,4061,1977,299900
0,2.0,2,3.59,141,3,4048,1794,289900
0,2.0,2,0.5,131,3,4061,1414,365000
1,3.0,2,0.55,133,3,4076,1918,349900
1,2.0,2,1.9,133,3,4076,1733,399900
0,5.0,1,0.6,131,3,4061,1696,299900
1,4.0,2,0.64,113,3,3901,1764,399900
0,2.0,1,1.26,113,3,3901,1521,415000
1,4.0,1,10.84,113,3,3901,1870,175000
0,3.0,2,1.35,113,3,3901,1959,99000
0,1.0,2,2.1,113,3,3901,1923,450000
1,3.0,1,17.4,113,3,3901,1930,250000
1,3.0,2,2.07,113,3,3901,1419,489000
0,2.0,2,0.45,113,3,3901,1217,80000
1,2.0,2,0.44,113,3,3901,1799,87000
0,3.0,1,0.22,113,3,3901,1127,699000
1,3.0,2,37.66,113,3,3901,1346,399990
0,2.0,1,37.5,113,3,3901,1781,399900
1,2.0,2,53.0,113,3,3901,1189,650000
0,4.0,1,3.0,113,3,3901,1816,579000
1,4.0,2,10.84,113,3,3901,1799,669900
0,1.0,1,2.08,125,3,3902,1796,925000
0,4.0,2,47.7,125,3,3902,1573,149900
1,4.0,1,1.03,125,3,3902,1126,750000
0,5.0,1,3.0,125,3,3902,1217,1149000
0,1.0,1,1.8,125,3,3902,1934,2998000
0,1.0,2,5.13,125,3,3902,1316,145000
1,2.0,2,3.6,125,3,3902,1616,155000
0,5.0,1,2.0,125,3,3902,1773,999000
0,3.0,2,3.0,125,3,3902,1459,140000
0,3.0,1,2.0,125,3,3902,1328,150000
0,4.0,2,0.29,125,3,3902,1637,150000
0,4.0,1,0.64,125,3,3902,1927,149800
1,4.0,2,2.03,125,3,3902,1230,139000
0,4.0,2,2.0,111,3,3903,1034,750000
0,4.0,2,0.12,111,3,3903,1844,329000
1,4.0,1,8.36,111,3,3903,1146,175000
1,4.0,1,3.62,111,3,3903,1706,425000
0,5.0,2,2.97,111,3,3903,1877,549000
1,1.0,2,0.75,111,3,3903,1086,600000
0,2.0,1,3.0,111,3,3903,1966,235000
0,4.0,2,1.23,111,3,3903,1008,469500
1,1.0,1,0.95,111,3,3903,1477,850000
1,5.0,1,15.99,111,3,3903,1439,499900
0,5.0,1,4.7,111,3,3903,1935,295000
0,1.0,2,6.64,111,3,3903,1471,350000
0,3.0,1,11.5,111,3,3903,1948,400000
1,4.0,1,1.0,111,3,3903,1901,225000
0,4.0,2,1.05,111,3,3903,1664,225000
0,3.0,1,3.0,111,3,3903,1803,290000
0,1.0,2,0.19,123,3,3904,1868,289000
0,5.0,1,0.1,123,3,3904,1341,389000
1,1.0,2,0.1,123,3,3904,1053,315000
0,4.0,1,0.29,123,3,3904,1387,689000
0,2.0,1,0.28,123,3,3904,1280,309900
1,5.0,1,0.5,123,3,3904,1333,694900
0,3.0,1,23.0,123,3,3904,1806,380000
0,5.0,1,0.5,123,3,3904,1383,712800
1,2.0,1,20.0,123,3,3904,1182,489000
0,5.0,2,20.0,123,3,3904,1249,489000
0,3.0,2,1.75,123,3,3904,1086,1800000
1,4.0,1,0.55,123,3,3904,1482,799900
0,2.0,1,0.46,123,3,3904,1255,719900
0,5.0,1,1.48,123,3,3904,1297,750000
0,5.0,1,0.45,123,3,3905,1096,749000
1,5.0,1,0.54,135,3,4090,1389,389000
1,3.0,1,0.1,123,3,3904,1402,389000
0,5.0,1,0.31,125,3,3909,1296,142000
1,3.0,2,2.0,111,3,3903,1198,750000
0,1.0,2,24.0,135,3,4090,1135,999000
0,1.0,2,0.08,135,3,4090,1243,420000
0,4.0,2,1.81,135,3,4090,1013,169999
0,3.0,2,0.51,125,3,3909,1247,559000
1,2.0,2,0.11,135,3,4090,1913,479900
0,1.0,2,0.23,124,3,3908,1448,397500
0,3.0,1,2.17,136,3,3907,1043,1785000
0,4.0,1,0.24,136,3,3907,1637,724000
0,1.0,1,0.29,123,3,3904,1034,689000
0,3.0,2,0.15,130,3,3906,1124,310000
0,4.0,2,1.0,130,3,3906,1664,345000
0,4.0,2,1.89,130,3,3906,1533,745000
1,5.0,1,0.55,130,3,3906,1613,85000
0,4.0,2,0.07,130,3,3906,1771,239900
1,1.0,1,0.86,130,3,3906,1043,299900
1,1.0,1,0.55,130,3,3906,1538,417900
0,4.0,1,4.05,145,3,4046,1303,369900
0,3.0,1,0.23,132,3,4073,1904,129900
0,5.0,1,0.55,133,3,4076,1412,349900
0,2.0,2,0.31,125,3,3909,1013,142000
0,2.0,1,1.8,131,3,4087,1891,349900
0,1.0,1,1.01,132,3,4073,1137,199000
0,1.0,2,2.42,135,3,4090,1557,450000
1,1.0,2,3.0,146,3,4002,1019,399900
1,5.0,2,0.54,135,3,4090,1337,389000
0,4.0,1,0.43,132,3,4073,1495,235000
1,3.0,2,0.45,123,3,3905,1192,749000
0,3.0,2,1.9,133,3,4076,1084,399900
1,2.0,1,2.0,111,3,3903,1153,750000
0,3.0,1,0.69,132,3,4073,1064,220000
0,4.0,2,0.1,123,3,3904,1698,389000
1,3.0,1,0.48,135,3,4090,1756,360000
0,4.0,1,2.17,136,3,3907,1672,1785000
1,4.0,2,0.24,136,3,3907,1902,724000
0,5.0,2,0.23,124,3,3908,1666,397500
1,2.0,1,24.0,135,3,4090,1599,999000
0,1.0,2,0.08,135,3,4090,1096,420000
1,5.0,1,2.01,112,3,4027,1117,599990
0,3.0,1,0.91,135,3,4090,1412,169999
0,2.0,2,0.51,125,3,3909,1105,559000
0,5.0,1,0.11,135,3,4090,1010,479900
0,2.0,1,0.29,123,3,3904,1602,689000
0,1.0,2,0.23,136,3,3907,1009,799000
0,5.0,2,1.78,136,3,3907,1170,879000
0,5.0,1,0.45,136,3,3907,1312,275000
0,2.0,1,2.17,136,3,3907,1322,1785000
0,5.0,2,0.35,136,3,3907,1945,1249900
0,4.0,1,0.1,136,3,3907,1323,869000
0,2.0,2,0.24,136,3,3907,1076,349000
1,4.0,2,0.24,136,3,3907,1382,375000
1,5.0,1,0.24,136,3,3907,1546,724000
0,2.0,2,0.24,136,3,3907,1185,699000
1,2.0,1,0.35,136,3,3907,1277,900000
1,3.0,2,0.12,136,3,3907,1332,1995000
1,1.0,1,0.85,136,3,3907,1701,1550000
0,2.0,1,0.84,136,3,3907,1323,1695000
0,5.0,1,1.61,136,3,3907,1904,2495000
0,2.0,1,0.17,136,3,3907,1545,1200000
0,4.0,1,0.82,136,3,3907,1686,1595000
0,3.0,1,0.87,136,3,3907,1953,4950000
1,3.0,2,0.7,136,3,3907,1262,1675000
1,2.0,1,0.62,136,3,3907,1331,3300000
1,3.0,1,0.71,136,3,3907,1145,1700000
0,4.0,1,5.23,121,3,4047,1127,44000
1,3.0,1,4.89,121,3,4047,1704,43000
1,1.0,1,2.31,121,3,4047,1127,38000
1,4.0,2,2.56,121,3,4047,1328,39350
0,1.0,1,2.45,121,3,4047,1675,39000
1,2.0,2,27.0,121,3,4047,1395,119900
1,3.0,1,8.0,131,3,4061,1330,175000
0,5.0,1,5.23,121,3,4047,1325,44000
1,3.0,1,4.89,121,3,4047,1204,43000
1,3.0,2,52.33,132,3,4083,1931,375000
1,5.0,1,9.0,122,3,4010,1064,79900
1,2.0,2,2.31,121,3,4047,1951,38000
0,5.0,1,2.45,121,3,4047,1046,39000
1,5.0,2,2.56,121,3,4047,1273,39350
0,1.0,2,7.97,131,3,4002,1243,325000
1,2.0,1,0.42,131,3,4087,1216,87500
1,4.0,2,5.5,138,3,4020,1799,49900
1,5.0,1,0.42,131,3,4061,1922,87500
0,3.0,2,1.15,121,3,4047,1175,65000
0,1.0,1,0.8,133,3,4076,1904,399000
1,3.0,2,3.0,113,3,3901,1083,579000
0,3.0,1,10.84,113,3,3901,1494,175000
0,1.0,2,53.0,113,3,3901,1974,650000
0,4.0,2,37.66,113,3,3901,1812,399990
1,1.0,2,24.37,114,3,4027,1255,125000
1,4.0,1,37.5,113,3,3901,1869,399900
1,4.0,2,4.89,121,3,4047,1657,43000
0,2.0,1,2.31,121,3,4047,1597,38000
0,4.0,1,2.56,121,3,4047,1588,39350
0,3.0,2,2.45,121,3,4047,1430,39000
0,4.0,1,4.89,121,3,4047,1765,43000
0,5.0,1,2.31,121,3,4047,1300,38000
1,3.0,1,2.56,121,3,4047,1018,39350
0,1.0,1,2.45,121,3,4047,1520,39000
0,1.0,2,3.1,120,3,4095,1491,49900
0,1.0,2,27.0,121,3,4047,1878,119900
0,1.0,1,0.42,131,3,4087,1271,87500
1,5.0,2,0.42,131,3,4061,1642,87500
0,1.0,2,0.8,133,3,4076,1827,399000
1,5.0,2,1.4,133,3,4076,1316,349000
0,4.0,1,0.43,120,3,4095,1561,162500
0,5.0,2,2.0,121,3,4047,1071,240000
0,5.0,1,7.1,121,3,4047,1354,75000
0,2.0,2,1.75,120,3,4095,1001,219000
0,3.0,1,3.7,133,3,4076,1572,425000
1,5.0,1,4.13,120,3,4095,1689,469900
0,4.0,2,1.84,141,3,4048,1252,80000
1,3.0,2,0.72,147,4,6078,1982,629900
1,2.0,2,1.11,148,4,6082,1192,299999
0,2.0,2,0.74,149,4,6071,1405,355000
1,4.0,2,1.43,150,4,6016,1378,239900
0,5.0,1,0.97,147,4,6078,1982,624900
1,4.0,2,0.57,148,4,6082,1652,99900
1,2.0,1,0.43,151,4,6066,1450,119900
0,5.0,1,1.45,152,4,6238,1288,294900
1,3.0,1,0.31,151,4,6066,1939,294900
1,4.0,1,0.23,148,4,6082,1291,275000
1,2.0,2,1.14,153,4,6084,1993,449900
1,3.0,2,1.58,153,4,6084,1210,499900
0,1.0,1,0.28,151,4,6066,1806,169900
1,5.0,2,0.96,154,4,6029,1294,695000
0,5.0,2,0.23,152,4,6238,1671,299900
0,3.0,2,0.4,155,4,6074,1686,389000
0,5.0,2,1.38,153,4,6084,1630,399000
0,1.0,2,39.0,152,4,6238,1824,389000
0,1.0,1,0.16,148,4,6082,1992,125000
0,5.0,1,3.02,153,4,6084,1881,279900
1,5.0,1,0.67,151,4,6066,1540,140000
0,4.0,1,1.07,147,4,6078,1130,419900
1,5.0,1,0.29,148,4,6082,1911,199900
0,5.0,1,0.14,148,4,6082,1532,166259
0,4.0,1,0.3,148,4,6082,1976,299000
0,3.0,1,3.2,152,4,6238,1896,379900
0,2.0,1,0.22,148,4,6082,1758,245000
1,3.0,1,0.29,151,4,6066,1291,475000
0,1.0,2,3.75,147,4,6078,1199,230000
1,5.0,2,0.93,147,4,6078,1857,175000
1,4.0,1,2.06,147,4,6078,1957,539000
1,1.0,2,39.29,147,4,6093,1372,1200000
0,1.0,2,1.56,147,4,6078,1346,699900
0,1.0,1,1.2,147,4,6078,1188,749999
1,2.0,1,3.4,147,4,6078,1603,1350000
0,4.0,1,0.24,148,4,6082,1983,171000
0,2.0,2,4.52,147,4,6078,1607,979900
0,2.0,2,0.24,148,4,6082,1547,75000
0,4.0,1,0.25,148,4,6082,1790,260000
1,2.0,1,0.63,148,4,6082,1088,269900
0,1.0,2,1.38,147,4,6078,1487,827000
0,3.0,1,0.17,148,4,6082,1070,289000
1,2.0,2,0.64,147,4,6078,1883,445000
0,3.0,2,0.25,147,4,6078,1698,210000
0,4.0,1,0.16,148,4,6082,1732,259900
0,3.0,2,0.97,147,4,6078,1647,624900
0,5.0,1,0.06,148,4,6082,1615,229900
0,1.0,2,0.68,147,4,6078,1241,840000
1,4.0,2,1.07,147,4,6078,1715,419900
1,2.0,1,0.14,148,4,6082,1480,166259
0,2.0,1,6.7,150,4,6016,1379,229900
0,2.0,1,0.64,147,4,6078,1828,248000
1,4.0,1,0.39,148,4,6082,1409,249900
1,1.0,1,2.06,147,4,6078,1388,539000
0,2.0,2,0.32,156,4,6096,1595,221000
1,3.0,2,1.45,156,4,6096,1644,97500
1,2.0,2,0.58,150,4,6088,1592,349900
1,4.0,2,0.29,156,4,6096,1334,160000
0,2.0,1,3.03,148,4,6082,1019,495000
0,4.0,1,0.52,156,4,6096,1168,185000
1,3.0,2,0.9,150,4,6088,1900,159900
0,1.0,1,0.12,148,4,6082,1818,270000
1,4.0,2,0.06,148,4,6082,1115,189900
0,2.0,1,3.2,150,4,6016,1539,799900
1,5.0,2,3.32,147,4,6078,1968,599900
0,5.0,1,1.49,150,4,6016,1264,249900
0,2.0,1,0.59,147,4,6078,1847,489900
0,2.0,1,0.8,156,4,6096,1979,245900
1,4.0,2,1.56,147,4,6078,1556,699900
0,3.0,2,0.34,156,4,6096,1706,299900
1,4.0,2,0.76,156,4,6096,1142,115000
0,2.0,1,39.29,147,4,6093,1584,1200000
0,1.0,2,1.21,147,4,6093,1435,69000
0,3.0,1,9.55,148,4,6082,1853,124900
1,5.0,1,0.45,148,4,6082,1938,34900
0,2.0,2,1.2,147,4,6078,1967,749999
1,1.0,1,0.19,148,4,6082,1222,174900
0,1.0,1,0.37,156,4,6096,1377,179900
1,2.0,1,0.76,148,4,6082,1433,499900
0,3.0,1,1.02,148,4,6082,1017,189900
0,4.0,1,0.17,148,4,6082,1656,199900
0,1.0,2,0.58,147,4,6078,1444,280000
0,4.0,1,1.17,150,4,6088,1817,179900
0,1.0,1,0.24,148,4,6082,1834,171000
0,3.0,1,0.33,150,4,6016,1807,174000
0,5.0,1,0.79,150,4,6016,1849,369900
0,3.0,1,1.39,147,4,6078,1762,300000
0,3.0,2,0.69,150,4,6016,1310,319900
0,3.0,1,0.32,148,4,6082,1630,225000
1,5.0,1,0.29,148,4,6082,1397,274900
1,4.0,1,0.62,147,4,6078,1531,310000
0,1.0,1,0.12,148,4,6082,1287,224900
0,5.0,2,0.12,148,4,6082,1076,290000
1,5.0,2,0.35,156,4,6096,1813,269900
0,5.0,2,0.44,150,4,6088,1403,349900
0,2.0,1,0.14,148,4,6082,1989,295000
0,5.0,2,9.47,147,4,6078,1275,284900
1,5.0,1,3.4,147,4,6078,1774,1350000
0,1.0,1,1.0,148,4,6082,1282,495000
0,1.0,1,0.24,148,4,6082,1110,195000
1,5.0,2,1.72,150,4,6088,1876,339900
0,1.0,1,0.35,148,4,6082,1089,329999
0,3.0,2,0.51,150,4,6088,1969,234500
0,3.0,1,0.26,156,4,6096,1149,209900
0,4.0,2,3.23,150,4,6088,1948,75000
1,2.0,2,0.48,156,4,6096,1898,335000
1,1.0,2,0.4,156,4,6096,1441,219999
1,2.0,2,0.22,148,4,6082,1726,249900
0,4.0,1,4.52,147,4,6078,1329,979900
0,4.0,1,0.29,148,4,6082,1455,280000
0,2.0,1,0.25,148,4,6082,1519,260000
0,4.0,2,0.43,148,4,6082,1746,219000
0,3.0,2,0.29,148,4,6082,1016,200000
0,5.0,2,1.78,150,4,6088,1994,339900
0,2.0,2,0.56,148,4,6082,1589,339999
0,1.0,1,0.21,150,4,6088,1059,329900
0,4.0,2,1.05,150,4,6088,1000,329900
0,4.0,1,1.5,150,4,6088,1820,329900
0,3.0,1,1.96,150,4,6088,1505,329900
0,4.0,1,0.2,148,4,6082,1582,279500
0,4.0,1,0.35,156,4,6096,1480,115000
0,4.0,2,1.75,150,4,6088,1263,138000
0,5.0,2,0.12,148,4,6082,1752,165000
0,5.0,1,0.61,150,4,6088,1964,159900
0,2.0,2,0.35,147,4,6078,1599,359800
0,2.0,2,0.17,156,4,6096,1606,249900
1,5.0,1,0.64,147,4,6078,1604,345000
0,5.0,2,1.09,150,4,6088,1447,440000
0,1.0,1,0.12,148,4,6082,1985,209000
1,2.0,2,0.59,147,4,6078,1518,399700
0,2.0,2,1.03,147,4,6078,1762,375000
0,4.0,2,0.24,148,4,6082,1815,75000
0,2.0,1,0.79,147,4,6078,1723,519900
0,5.0,1,0.46,148,4,6082,1449,329000
1,5.0,2,0.3,148,4,6082,1730,259900
1,1.0,2,0.63,148,4,6082,1219,269900
1,1.0,1,1.35,147,4,6093,1746,459900
0,2.0,1,0.25,147,4,6078,1475,210000
0,2.0,1,1.86,150,4,6016,1315,179900
0,2.0,1,1.38,147,4,6078,1279,827000
1,5.0,1,0.33,156,4,6096,1718,179900
0,2.0,1,0.73,148,4,6082,1663,224000
1,5.0,2,0.29,156,4,6096,1961,259900
1,1.0,1,0.76,156,4,6096,1021,299900
0,3.0,2,0.19,148,4,6082,1891,229000
0,1.0,2,0.11,148,4,6082,1735,199900
0,5.0,1,0.69,148,4,6082,1431,375000
0,3.0,1,0.28,156,4,6096,1094,247900
0,3.0,2,0.18,148,4,6082,1187,229900
0,2.0,2,0.22,156,4,6096,1730,204900
0,4.0,1,0.17,148,4,6082,1670,289000
0,4.0,2,0.64,147,4,6078,1144,445000
0,4.0,2,0.48,156,4,6096,1824,269900
1,2.0,2,2.85,147,4,6093,1106,559000
0,1.0,1,0.73,147,4,6093,1343,179900
0,1.0,2,0.37,156,4,6096,1387,99900
0,3.0,1,0.5,150,4,6088,1398,194000
0,5.0,1,1.43,150,4,6016,1042,239900
1,2.0,2,0.85,148,4,6082,1148,195000
0,4.0,2,0.33,150,4,6016,1552,319900
0,1.0,2,0.97,147,4,6078,1064,624900
0,1.0,1,0.23,148,4,6082,1540,275000
1,4.0,1,0.06,148,4,6082,1255,229900
1,5.0,2,0.52,148,4,6082,1387,450000
0,4.0,2,0.22,148,4,6082,1310,245000
1,1.0,2,0.16,148,4,6082,1449,259900
1,5.0,1,0.72,147,4,6078,1422,629900
0,5.0,2,0.68,147,4,6078,1304,840000
0,5.0,2,0.38,156,4,6096,1829,194900
1,5.0,2,2.62,157,4,6469,1487,339000
0,5.0,2,2.34,152,4,6238,1504,579900
0,1.0,1,1.83,158,4,6070,1400,424900
0,2.0,1,0.35,159,4,6002,1929,299900
1,2.0,2,2.34,147,4,6078,1392,660000
1,4.0,2,0.21,160,4,6422,1240,259900
0,4.0,1,0.36,151,4,6066,1413,144900
1,3.0,1,0.33,161,4,6109,1586,199900
1,3.0,2,0.26,162,4,6117,1533,369900
0,2.0,2,0.23,163,4,6053,1497,209900
0,3.0,1,0.19,164,4,6040,1865,174900
0,4.0,2,0.3,165,4,6111,1287,425000
1,4.0,2,1.89,161,4,6109,1456,222000
1,2.0,1,3.87,166,4,6001,1552,799900
1,4.0,1,0.51,162,4,6107,1482,699900
1,2.0,2,0.29,167,4,6118,1784,219000
1,1.0,2,0.31,155,4,6074,1703,172500
1,5.0,1,0.35,156,4,6096,1699,200000
1,5.0,1,0.91,150,4,6016,1645,215000
1,3.0,1,0.23,159,4,6002,1888,189000
0,3.0,2,0.9,34,4,6095,1870,439000
0,2.0,2,0.24,168,4,6457,1841,220000
0,5.0,1,0.3,34,4,6095,1648,309900
0,3.0,1,4.7,11,4,6035,1491,895000
1,3.0,2,0.23,159,4,6002,1047,211777
0,5.0,1,0.16,163,4,6053,1210,239900
0,3.0,2,0.23,148,4,6082,1489,249900
0,5.0,2,0.38,150,4,6016,1182,289900
0,4.0,2,0.45,162,4,6117,1430,494900
1,1.0,2,3.1,169,4,6063,1065,479900
0,1.0,2,0.6,170,4,6098,1034,210000
0,1.0,2,0.5,171,4,6058,1337,409500
1,2.0,2,0.52,170,4,6098,1303,299900
0,1.0,2,1.33,172,4,6024,1709,260000
1,5.0,2,3.7,173,4,6057,1101,449900
1,1.0,2,0.26,170,4,6098,1677,169900
0,3.0,2,0.06,170,4,6098,1987,139900
1,5.0,1,0.75,172,4,6018,1352,420000
1,3.0,1,0.4,170,4,6098,1827,550000
1,1.0,2,0.18,170,4,6098,1923,204900
1,1.0,1,9.0,171,4,6058,1491,1050000
0,4.0,1,3.81,172,4,6018,1710,425000
0,2.0,2,2.98,171,4,6058,1673,985000
1,4.0,2,1.18,174,4,6039,1873,1395000
1,5.0,2,0.6,175,4,6069,1588,1225000
1,5.0,1,4.56,175,4,6069,1067,595000
0,1.0,2,0.34,176,4,6790,1799,199000
0,5.0,1,0.6,170,4,6098,1408,210000
1,2.0,2,0.21,176,4,6790,1808,229900
1,3.0,2,0.95,177,4,6795,1024,349900
0,5.0,2,0.46,177,4,6795,1381,305000
1,4.0,2,0.5,178,4,6751,1975,342900
0,1.0,2,0.39,177,4,6795,1396,389000
1,1.0,2,0.5,171,4,6058,1847,409500
0,3.0,1,0.12,176,4,6790,1437,224500
0,2.0,1,1.48,179,4,6759,1762,685000
0,2.0,1,51.0,170,4,6098,1012,295000
0,5.0,1,1.11,176,4,6790,1308,50000
1,1.0,2,1.18,176,4,6790,1719,50000
1,2.0,2,0.12,170,4,6098,1466,39900
0,1.0,1,0.29,176,4,6790,1222,34900
1,1.0,1,26.54,180,4,6763,1616,170000
0,5.0,1,1.44,180,4,6763,1307,65000
0,3.0,1,0.96,181,4,6787,1774,80000
1,1.0,2,1.26,179,4,6759,1930,139000
0,3.0,2,1.11,60,4,6756,1175,150000
1,1.0,2,5.06,60,4,6756,1338,85000
0,5.0,1,63.0,170,4,6098,1096,499000
1,1.0,2,5.01,60,4,6756,1517,150000
0,5.0,1,5.12,60,4,6756,1826,150000
0,2.0,2,0.56,171,4,6058,1089,50000
1,4.0,2,3.89,177,4,6795,1315,110000
1,4.0,2,16.66,182,4,6031,1809,119000
0,1.0,2,1.22,174,4,6039,1026,115000
0,3.0,1,25.79,46,4,6794,1484,1595000
0,1.0,1,144.1,46,4,6794,1934,1995000
1,3.0,2,0.56,171,4,6058,1478,50000
0,1.0,1,14.63,172,4,6018,1189,175800
0,4.0,2,1.01,174,4,6068,1865,395000
0,1.0,1,1.4,172,4,6018,1651,468000
0,5.0,1,0.35,172,4,6018,1737,299000
0,2.0,2,474.0,174,4,6068,1900,15750000
0,3.0,1,3.68,183,4,6021,1126,40000
0,2.0,1,85.0,174,4,6068,1910,11890000
0,1.0,1,1.3,174,4,6068,1373,925000
0,1.0,2,1.62,172,4,6018,1328,144900
0,2.0,2,3.52,172,4,6018,1264,250000
0,1.0,1,1.97,172,4,6018,1338,399000
1,3.0,1,0.58,172,4,6018,1068,215000
0,1.0,2,17.5,172,4,6018,1038,430000
0,5.0,2,0.48,172,4,6018,1315,345000
0,4.0,2,9.24,174,4,6068,1506,2245000
0,5.0,2,0.8,172,4,6018,1250,684900
0,4.0,2,0.23,172,4,6018,1272,288500
0,3.0,2,11.81,174,4,6068,1325,695000
0,4.0,2,1.01,172,4,6018,1157,275000
1,3.0,1,23.0,172,4,6024,1816,230000
1,1.0,1,2.6,172,4,6024,1586,479000
0,4.0,2,5.37,174,4,6068,1032,2695000
0,3.0,1,1.33,172,4,6024,1152,260000
1,4.0,2,0.75,172,4,6018,1815,420000
0,5.0,2,3.81,172,4,6018,1833,425000
0,5.0,1,0.99,184,4,6791,1047,325000
0,4.0,2,0.5,179,4,6759,1099,995000
1,1.0,2,9.0,170,4,6098,1249,59900
0,3.0,2,37.6,180,4,6763,1783,399000
1,5.0,1,24.71,60,4,6756,1423,225000
0,3.0,2,5.56,60,4,6756,1613,105000
0,4.0,2,20.02,60,4,6756,1328,135000
1,2.0,2,10.63,60,4,6756,1478,189000
0,5.0,1,10.0,60,4,6756,1054,180000
0,1.0,2,6.0,60,4,6756,1754,249000
0,3.0,2,6.0,60,4,6756,1748,145000
0,5.0,1,10.0,60,4,6756,1540,199000
0,4.0,2,2.28,60,4,6756,1478,104900
0,3.0,1,19.48,46,4,6794,1505,895000
1,5.0,2,14.45,185,4,6796,1005,190000
0,4.0,1,0.7,177,4,6795,1153,490000
0,2.0,2,47.17,60,4,6756,1570,475000
1,1.0,2,8.9,60,4,6756,1516,325000
1,1.0,2,33.0,186,4,6798,1217,1499000
1,3.0,2,8.48,175,4,6069,1125,2295000
0,3.0,1,74.32,60,4,6756,1986,3995000
0,4.0,1,6.0,180,4,6763,1672,80000
0,3.0,2,1.4,176,4,6790,1183,149900
0,5.0,2,2.65,182,4,6031,1401,99900
1,4.0,2,8.51,60,4,6756,1560,325000
0,5.0,1,14.63,172,4,6018,1678,175800
1,3.0,2,1.84,181,4,6787,1498,89000
1,4.0,2,96.63,60,4,6756,1931,3000000
0,2.0,2,57.0,170,4,6098,1814,430000
0,1.0,1,14.33,60,4,6756,1817,850000
1,5.0,1,16.41,174,4,6068,1572,750000
0,2.0,2,29.61,175,4,6069,1048,795000
1,1.0,2,25.8,175,4,6069,1970,1000000
1,1.0,1,1.1,175,4,6069,1837,485000
1,5.0,1,63.0,170,4,6098,1471,299900
0,1.0,1,0.39,176,4,6790,1833,339000
1,1.0,2,1.43,176,4,6790,1704,169500
0,4.0,2,2.42,60,4,6756,1801,109000
0,5.0,1,25.0,176,4,6790,1928,949900
0,3.0,2,182.78,178,4,6751,1594,2600000
0,5.0,1,2.37,179,4,6759,1779,699000
1,4.0,2,20.0,179,4,6759,1603,975000
1,1.0,2,25.0,180,4,6763,1764,199000
0,5.0,2,25.4,187,4,6754,1113,325000
1,4.0,2,0.6,179,4,6759,1159,244900
0,2.0,1,0.99,181,4,6787,1230,479900
0,2.0,1,7.23,174,4,6039,1463,895000
1,4.0,2,2.41,175,4,6069,1779,150000
1,1.0,2,2.34,46,4,6777,1224,115000
0,4.0,2,5.86,60,4,6756,1805,899000
1,4.0,2,0.23,176,4,6790,1306,439900
0,3.0,1,1.24,179,4,6759,1719,650095
1,1.0,2,0.37,179,4,6759,1876,695500
0,1.0,2,1.01,174,4,6068,1047,395000
1,2.0,1,3.13,46,4,6777,1253,570000
0,3.0,2,0.23,176,4,6790,1591,135000
0,3.0,2,1.98,184,4,6791,1530,380000
1,4.0,1,1.6,177,4,6795,1721,579900
0,2.0,1,3.03,185,4,6796,1332,679000
0,4.0,2,0.58,174,4,6068,1359,550000
0,3.0,2,0.12,170,4,6098,1835,735000
1,3.0,1,5.31,186,4,6798,1854,225000
0,4.0,1,10.9,179,4,6750,1374,849900
0,3.0,2,46.97,46,4,6794,1076,4290000
0,3.0,2,1.4,172,4,6018,1858,468000
1,5.0,2,1.29,177,4,6795,1875,199900
1,3.0,1,2.33,170,4,6098,1612,329000
0,3.0,1,1.6,179,4,6759,1653,329900
0,2.0,1,450.95,185,4,6753,1886,14995000
0,1.0,2,0.36,176,4,6790,1466,254900
0,1.0,2,5.7,185,4,6754,1454,100000
0,1.0,1,474.0,174,4,6068,1063,15750000
1,1.0,1,1.04,185,4,6796,1046,105000
0,5.0,1,0.33,176,4,6790,1116,145000
0,5.0,1,445.62,185,4,6753,1444,14995000
0,2.0,2,104.0,180,4,6763,1288,998000
0,3.0,1,0.6,174,4,6039,1835,895000
0,2.0,1,0.07,176,4,6790,1115,145000
0,4.0,2,4.0,179,4,6759,1034,825000
0,5.0,1,5.03,185,4,6796,1533,699000
1,1.0,1,1.34,177,4,6795,1033,699900
0,3.0,2,33.0,175,4,6069,1999,795000
1,4.0,1,7.87,183,4,6021,1108,745000
1,4.0,2,2.58,186,4,6798,1743,599000
0,1.0,2,0.68,184,4,6791,1441,315000
0,5.0,1,0.12,176,4,6790,1655,149900
1,4.0,1,0.8,174,4,6039,1397,499000
1,3.0,1,0.35,172,4,6018,1207,299000
0,2.0,1,1.61,179,4,6759,1365,235000
0,3.0,1,0.4,186,4,6798,1334,294900
0,5.0,1,85.0,174,4,6068,1742,11890000
1,5.0,2,0.42,176,4,6790,1439,175000
0,4.0,1,0.16,176,4,6790,1876,139999
0,1.0,2,22.55,46,4,6793,1265,5995000
1,4.0,2,0.32,177,4,6779,1337,259000
1,3.0,1,176.1,187,4,6754,1464,3495000
0,1.0,1,106.0,46,4,6793,1573,9900000
1,2.0,2,3.68,183,4,6021,1251,40000
1,3.0,1,18.16,178,4,6751,1855,1500000
1,3.0,2,1.0,176,4,6790,1345,130000
1,1.0,1,0.55,177,4,6795,1709,350000
0,5.0,1,3.31,181,4,6787,1195,129900
1,4.0,1,1.1,179,4,6750,1048,349900
0,1.0,1,8.39,186,4,6798,1924,430000
1,4.0,2,1.18,60,4,6756,1894,789000
0,3.0,1,16.06,186,4,6798,1221,1895000
0,5.0,1,0.68,180,4,6763,1756,4500000
1,4.0,2,0.46,179,4,6750,1446,449900
1,3.0,1,0.9,60,4,6756,1815,725000
1,2.0,2,0.22,176,4,6790,1468,164900
0,4.0,2,70.7,46,4,6793,1656,8200000
0,4.0,1,0.46,60,4,6756,1165,339000
0,3.0,2,0.11,176,4,6790,1216,174500
1,4.0,1,1.0,171,4,6058,1623,425000
1,5.0,1,0.23,176,4,6790,1465,194000
0,5.0,2,2.46,180,4,6763,1876,574900
0,4.0,2,6.03,182,4,6031,1592,640000
0,2.0,1,0.45,182,4,6031,1190,785000
0,4.0,2,0.26,176,4,6790,1104,215000
0,2.0,1,60.58,170,4,6098,1099,2900000
0,5.0,2,21.51,180,4,6763,1153,6295000
0,3.0,2,0.23,176,4,6790,1042,479900
1,2.0,1,19.0,185,4,6796,1884,2200000
0,1.0,1,1.3,174,4,6068,1388,925000
1,4.0,1,1.21,172,4,6018,1236,144900
1,3.0,1,0.14,180,4,6763,1637,400000
0,5.0,2,1.7,176,4,6790,1229,125000
1,3.0,2,6.0,186,4,6798,1430,599900
0,3.0,2,0.17,176,4,6790,1678,210000
0,5.0,1,5.03,179,4,6759,1633,544900
1,3.0,1,0.96,60,4,6756,1217,725000
0,3.0,1,0.07,176,4,6790,1550,199900
0,2.0,1,6.44,174,4,6039,1536,2450000
0,4.0,1,75.0,182,4,6031,1000,999999
1,1.0,2,1.09,179,4,6778,1962,79950
0,2.0,2,0.46,174,4,6039,1718,749000
0,3.0,2,10.5,175,4,6069,1631,589777
0,1.0,2,7.98,179,4,6759,1517,1099000
1,2.0,2,3.74,180,4,6763,1089,539900
1,2.0,2,1.15,179,4,6759,1672,449900
1,4.0,2,0.16,176,4,6790,1481,129900
0,3.0,2,3.52,172,4,6018,1408,250000
1,2.0,2,1.97,172,4,6018,1272,399000
0,5.0,1,17.5,172,4,6018,1204,430000
1,4.0,1,0.58,172,4,6018,1590,215000
0,5.0,1,0.14,176,4,6790,1414,145000
1,5.0,1,0.71,170,4,6098,1726,295000
1,3.0,1,4.89,185,4,6754,1283,895000
0,5.0,1,87.5,186,4,6798,1212,999000
1,4.0,1,0.48,186,4,6798,1927,374000
0,1.0,1,2.73,186,4,6798,1350,549000
0,5.0,2,0.48,172,4,6018,1321,345000
1,4.0,1,0.99,60,4,6756,1477,579900
0,4.0,1,28.0,179,4,6759,1456,399000
1,2.0,2,1.78,179,4,6759,1701,579900
0,5.0,1,0.23,176,4,6790,1067,160000
0,1.0,1,40.1,171,4,6058,1177,1745000
0,2.0,1,0.9,170,4,6098,1144,225000
1,1.0,1,0.44,177,4,6779,1985,285000
0,3.0,1,1.1,181,4,6787,1224,368500
0,1.0,1,0.24,177,4,6779,1617,249900
1,2.0,1,0.32,176,4,6790,1607,193900
0,1.0,1,0.16,176,4,6790,1329,209900
0,1.0,2,9.5,182,4,6031,1422,825000
1,1.0,2,80.0,182,4,6031,1381,2200000
0,1.0,2,3.41,180,4,6763,1023,1500000
0,5.0,2,0.89,179,4,6759,1246,1850000
0,4.0,2,0.09,176,4,6790,1800,139000
0,1.0,2,2.2,179,4,6759,1423,760000
0,1.0,2,3.1,178,4,6751,1086,565000
0,3.0,1,4.75,60,4,6756,1269,650000
0,4.0,1,0.5,177,4,6795,1162,380000
1,4.0,1,2.91,187,4,6754,1667,899000
0,5.0,2,0.21,176,4,6790,1039,199900
1,1.0,2,88.79,185,4,6031,1505,1200000
0,5.0,1,0.18,176,4,6790,1190,130000
1,2.0,2,7.39,60,4,6756,1539,140000
1,4.0,1,6.24,60,4,6756,1268,158000
0,1.0,2,0.27,178,4,6751,1375,289900
0,4.0,1,3.6,175,4,6069,1408,325000
1,3.0,1,1.69,60,4,6756,1059,545000
1,4.0,2,0.46,179,4,6759,1626,325000
0,2.0,2,0.58,176,4,6790,1193,149900
1,2.0,2,0.24,176,4,6790,1331,149900
1,4.0,1,0.38,176,4,6790,1364,244900
0,2.0,1,0.21,176,4,6790,1046,189900
1,2.0,2,0.25,177,4,6795,1328,249900
0,1.0,1,0.2,176,4,6790,1337,229000
1,2.0,1,1.89,179,4,6759,1262,429999
0,3.0,2,7.0,182,4,6031,1273,645000
0,3.0,1,5.35,177,4,6795,1549,795000
1,1.0,2,22.97,174,4,6039,1437,4995000
0,4.0,2,0.44,176,4,6790,1384,209900
0,4.0,2,0.93,60,4,6756,1871,644900
1,5.0,2,5.0,60,4,6756,1534,999500
0,5.0,1,0.58,177,4,6779,1524,149900
1,4.0,1,9.24,174,4,6068,1777,2245000
0,1.0,1,3.8,46,4,6793,1272,2375000
0,1.0,1,1.42,176,4,6790,1024,142900
0,1.0,1,0.26,176,4,6790,1661,220000
0,5.0,1,9.9,179,4,6759,1827,1350000
0,2.0,1,0.23,176,4,6790,1274,229900
1,3.0,2,0.35,176,4,6790,1496,225000
0,4.0,1,7.99,188,4,6762,1070,2750000
1,1.0,1,0.6,179,4,6759,1518,565000
1,3.0,1,2.09,179,4,6759,1348,2475000
0,1.0,2,15.46,174,4,6068,1728,625000
1,1.0,1,5.17,174,4,6039,1948,2875000
0,3.0,1,0.8,172,4,6018,1714,684900
0,3.0,2,1.0,184,4,6791,1765,199900
0,2.0,1,3.66,176,4,6790,1734,280000
1,4.0,2,0.41,177,4,6795,1775,205000
0,4.0,1,0.33,176,4,6790,1923,180000
1,4.0,2,2.62,171,4,6058,1025,875000
1,5.0,2,0.35,176,4,6790,1274,40000
1,1.0,2,0.37,184,4,6791,1627,239000
1,5.0,2,0.13,176,4,6790,1933,225000
0,2.0,1,0.23,176,4,6790,1438,209900
1,4.0,1,56.42,180,4,6763,1193,649000
1,1.0,1,0.37,176,4,6790,1172,249900
0,3.0,1,31.08,175,4,6069,1825,2850000
1,5.0,1,0.11,176,4,6790,1823,249900
1,2.0,2,1.61,179,4,6759,1132,359900
1,1.0,2,4.6,185,4,6754,1515,495000
0,2.0,1,0.91,60,4,6756,1127,695000
1,1.0,1,2.7,178,4,6751,1299,475000
0,3.0,1,0.26,176,4,6790,1940,224900
1,4.0,2,0.26,176,4,6790,1793,242900
1,1.0,1,0.83,60,4,6756,1958,139900
0,4.0,1,0.28,177,4,6795,1131,299900
0,1.0,2,43.85,178,4,6751,1736,1200000
1,1.0,1,17.41,60,4,6756,1486,1550000
0,2.0,2,0.19,176,4,6790,1797,239900
0,5.0,1,5.42,174,4,6039,1630,225000
1,5.0,2,0.11,176,4,6790,1682,99900
0,3.0,2,0.23,172,4,6018,1768,288500
1,2.0,1,0.28,177,4,6795,1665,374800
0,2.0,1,4.83,182,4,6031,1010,725000
0,5.0,1,0.19,176,4,6790,1016,187900
0,4.0,1,1.61,178,4,6751,1202,129000
0,2.0,2,11.92,184,4,6791,1476,925000
0,3.0,2,28.0,174,4,6039,1299,4995000
0,1.0,2,6.32,60,4,6756,1023,999900
0,3.0,1,276.5,185,4,6796,1992,5998000
0,3.0,2,3.31,60,4,6756,1379,1691400
0,3.0,2,1.56,174,4,6068,1301,585000
0,1.0,1,0.25,176,4,6790,1647,115000
0,4.0,1,1.8,178,4,6751,1027,243800
0,3.0,2,7.35,60,4,6756,1091,92000
0,5.0,1,2.75,177,4,6795,1490,399900
0,4.0,2,0.18,176,4,6790,1198,199900
1,3.0,1,0.96,60,4,6756,1131,675000
0,5.0,2,1.46,174,4,6039,1361,2345000
0,2.0,2,0.87,60,4,6756,1989,619000
0,5.0,2,0.98,177,4,6795,1142,299900
1,2.0,1,0.08,176,4,6790,1374,169900
0,5.0,2,1.69,177,4,6795,1084,360000
0,5.0,1,0.32,177,4,6795,1355,359900
0,1.0,1,0.2,177,4,6795,1978,127200
1,1.0,1,20.0,179,4,6759,1189,1850000
1,1.0,1,0.93,177,4,6795,1335,449900
0,4.0,2,4.43,186,4,6798,1055,1250000
0,2.0,2,11.81,174,4,6068,1307,695000
1,2.0,2,0.45,179,4,6778,1871,90000
0,2.0,2,0.24,177,4,6795,1106,224900
1,4.0,1,5.37,60,4,6756,1548,120000
1,5.0,1,1.23,177,4,6795,1788,369000
0,3.0,1,2.1,180,4,6763,1984,1177000
1,4.0,1,2.14,178,4,6751,1665,1275000
0,1.0,1,1.05,177,4,6795,1946,239900
1,5.0,2,8.12,170,4,6098,1118,1175000
0,5.0,2,5.89,60,4,6756,1884,925000
0,5.0,1,1.74,179,4,6759,1725,684900
1,3.0,2,9.18,174,4,6039,1358,445500
0,4.0,1,14.6,174,4,6039,1869,625000
0,3.0,2,58.29,179,4,6759,1847,1200000
0,2.0,1,0.07,171,4,6058,1072,122500
1,3.0,2,0.13,184,4,6791,1675,159000
0,4.0,1,1.01,172,4,6018,1473,275000
0,3.0,2,0.69,180,4,6763,1270,237000
0,1.0,1,0.12,176,4,6790,1447,189900
0,3.0,1,0.14,176,4,6790,1739,350000
0,1.0,1,0.31,176,4,6790,1393,269500
0,2.0,1,5.63,187,4,6754,1467,399000
0,4.0,1,0.17,177,4,6779,1263,229900
0,5.0,2,0.08,176,4,6790,1055,229900
1,1.0,2,0.91,60,4,6756,1499,595000
0,3.0,2,1.02,179,4,6759,1780,850000
0,5.0,1,1.32,179,4,6759,1961,649900
0,3.0,2,1.48,179,4,6759,1586,649900
1,1.0,1,1.88,179,4,6759,1170,577900
0,1.0,1,1.5,179,4,6759,1207,684900
1,4.0,1,0.25,176,4,6790,1450,314900
0,2.0,1,0.26,176,4,6790,1032,189900
0,2.0,2,0.73,181,4,6787,1252,289900
0,2.0,2,2.41,178,4,6751,1589,350000
1,3.0,2,1.2,176,4,6790,1453,224900
0,1.0,1,0.23,174,4,6039,1329,595000
0,2.0,2,0.55,177,4,6795,1615,479900
0,3.0,1,0.57,182,4,6031,1262,369000
1,1.0,1,1.52,179,4,6750,1770,499000
1,1.0,1,0.85,176,4,6790,1536,190000
0,2.0,2,0.69,177,4,6795,1035,349900
0,1.0,1,2.6,185,4,6796,1376,1150000
1,4.0,1,0.29,177,4,6795,1392,209999
1,4.0,2,2.6,172,4,6024,1036,479000
0,3.0,1,0.22,176,4,6790,1790,209900
0,5.0,1,0.27,176,4,6790,1478,299900
0,4.0,2,0.88,176,4,6790,1480,329900
0,5.0,1,0.17,176,4,6790,1492,219900
0,5.0,1,0.14,176,4,6790,1214,167000
0,5.0,2,0.17,177,4,6795,1852,199900
1,1.0,1,2.59,170,4,6098,1732,349900
1,5.0,1,0.36,176,4,6790,1910,310000
0,3.0,1,29.5,179,4,6759,1335,5900000
0,1.0,2,1.5,179,4,6759,1323,464000
0,2.0,2,550.0,185,4,6753,1251,10000000
0,5.0,2,0.2,176,4,6790,1868,220000
0,3.0,2,1.92,177,4,6795,1171,563900
0,3.0,1,1.64,177,4,6795,1112,139900
1,1.0,1,0.35,176,4,6790,1909,250000
0,5.0,2,1.68,186,4,6798,1411,899900
0,2.0,1,1.56,177,4,6795,1443,239900
0,3.0,2,23.0,172,4,6024,1123,230000
0,4.0,1,0.41,176,4,6790,1078,285000
0,2.0,2,2.93,176,4,6790,1431,500000
0,4.0,1,0.16,170,4,6098,1420,129000
0,4.0,1,0.99,186,4,6798,1870,215000
1,1.0,2,0.31,176,4,6790,1382,129900
0,2.0,2,3.68,177,4,6795,1091,109000
0,1.0,2,1.55,178,4,6751,1244,665000
0,1.0,2,0.62,177,4,6795,1057,479900
0,1.0,1,0.39,177,4,6795,1859,288000
0,2.0,2,0.58,177,4,6795,1584,283900
0,2.0,2,0.11,176,4,6790,1818,365000
0,5.0,1,0.11,177,4,6795,1324,225000
1,5.0,2,0.37,177,4,6795,1241,134000
1,2.0,1,1.83,176,4,6790,1061,132900
0,3.0,2,0.17,176,4,6790,1050,130000
0,3.0,2,0.92,179,4,6759,1101,334900
1,2.0,1,2.87,179,4,6759,1090,399900
0,4.0,2,10.0,60,4,6756,1940,825000
1,5.0,2,1.13,177,4,6795,1818,159000
1,3.0,2,1.83,179,4,6759,1602,499000
0,1.0,1,1.1,177,4,6795,1497,395000
0,5.0,1,1.33,179,4,6759,1905,2475000
1,2.0,1,17.28,179,4,6759,1637,1280000
0,4.0,1,3.73,171,4,6058,1026,695000
1,2.0,1,41.0,182,4,6031,1307,995000
1,1.0,1,35.0,175,4,6069,1523,2675000
0,2.0,1,5.37,174,4,6068,1154,2695000
1,2.0,1,0.35,176,4,6790,1784,229000
0,2.0,1,0.27,176,4,6790,1831,195000
0,2.0,1,0.39,177,4,6795,1934,359900
0,2.0,2,1.23,60,4,6756,1342,599000
1,2.0,1,0.39,174,4,6068,1783,695000
1,5.0,2,0.27,176,4,6790,1345,230000
0,3.0,2,0.76,177,4,6795,1468,339900
1,2.0,2,0.19,176,4,6790,1252,150000
0,1.0,2,6.09,174,4,6068,1022,1795000
1,3.0,2,0.12,176,4,6790,1772,159900
1,3.0,2,0.32,176,4,6790,1176,200000
0,1.0,2,10.68,180,4,6763,1294,749000
0,3.0,1,0.14,176,4,6790,1524,375000
1,3.0,1,55.0,170,4,6098,1365,550000
0,5.0,1,0.15,176,4,6790,1589,239900
1,2.0,1,0.47,176,4,6790,1371,245000
1,5.0,1,0.15,177,4,6779,1220,219926
0,1.0,2,0.26,177,4,6795,1107,269900
1,1.0,2,0.56,177,4,6795,1700,325000
0,3.0,1,25.96,178,4,6751,1083,775000
0,2.0,2,2.54,177,4,6795,1599,1375000
0,1.0,2,0.22,176,4,6790,1273,249900
0,2.0,2,2.07,174,4,6039,1863,825000
0,3.0,2,0.23,180,4,6763,1744,699000
0,2.0,2,22.33,171,4,6058,1219,1350000
0,2.0,1,0.92,60,4,6756,1968,185000
1,1.0,2,1.33,172,4,6024,1888,260000
1,3.0,1,0.26,176,4,6790,1262,234900
0,5.0,2,6.2,179,4,6759,1747,385000
1,4.0,2,0.33,176,4,6790,1913,205000
1,3.0,2,2.03,178,4,6751,1408,390900
0,1.0,1,0.17,176,4,6790,1378,379900
1,2.0,1,0.41,177,4,6795,1757,234900
0,1.0,1,0.79,177,4,6795,1973,399000
1,5.0,2,2.98,171,4,6058,1963,985000
1,3.0,1,1.67,177,4,6795,1019,320000
0,3.0,1,0.6,186,4,6798,1608,450000
0,5.0,1,0.21,176,4,6790,1257,199900
1,1.0,2,1.03,60,4,6756,1433,849000
0,1.0,2,0.62,181,4,6787,1120,324900
0,2.0,2,2.23,60,4,6756,1901,484788
0,5.0,1,0.75,172,4,6018,1352,420000
0,3.0,2,0.46,176,4,6790,1849,249900
1,1.0,1,0.88,176,4,6790,1856,239900
0,1.0,1,0.23,176,4,6790,1453,126500
1,5.0,1,0.93,177,4,6795,1299,424000
0,5.0,2,14.11,178,4,6751,1864,1450000
0,3.0,2,0.1,176,4,6790,1117,229900
0,1.0,2,0.65,176,4,6790,1669,275000
1,5.0,2,9.0,171,4,6058,1884,1050000
0,2.0,2,0.1,176,4,6790,1812,210000
0,1.0,2,0.28,180,4,6763,1805,995000
1,4.0,2,0.34,176,4,6790,1667,219000
1,2.0,1,0.34,177,4,6795,1247,289900
0,1.0,2,2.0,179,4,6759,1265,285500
1,2.0,2,0.29,177,4,6795,1888,230000
0,3.0,2,0.3,176,4,6790,1146,219900
1,3.0,2,0.1,176,4,6790,1168,189900
0,3.0,1,1.84,179,4,6778,1039,449900
0,3.0,1,2.0,179,4,6759,1141,599000
0,5.0,1,0.16,176,4,6790,1181,340000
0,2.0,2,1.1,60,4,6756,1837,600000
0,3.0,1,2.9,188,4,6762,1561,1125000
0,1.0,2,3.81,172,4,6018,1953,425000
0,1.0,2,0.68,177,4,6795,1428,425000
0,2.0,1,0.31,177,4,6795,1306,249900
0,2.0,2,1.18,174,4,6039,1700,1395000
0,2.0,2,1.08,177,4,6795,1206,229900
0,3.0,1,0.87,60,4,6756,1823,515000
0,5.0,2,2.32,186,4,6798,1963,152000
0,5.0,1,2.1,181,4,6787,1858,315000
0,4.0,2,0.29,176,4,6790,1061,205000
0,5.0,1,0.17,176,4,6790,1923,160000
0,5.0,1,0.26,177,4,6795,1795,229900
0,3.0,1,10.0,60,4,6756,1051,1095000
0,5.0,2,1.56,177,4,6795,1142,235000
0,3.0,1,9.23,186,4,6798,1836,749000
1,1.0,2,0.15,176,4,6790,1962,179000
0,2.0,2,3.06,179,4,6750,1045,324900
1,1.0,1,0.06,176,4,6790,1777,186900
1,2.0,1,0.6,175,4,6069,1347,1225000
0,1.0,1,14.63,172,4,6018,1403,175800
1,2.0,2,1.4,172,4,6018,1851,468000
0,5.0,2,474.0,174,4,6068,1262,15750000
1,1.0,2,0.35,172,4,6018,1994,299000
0,1.0,1,6.03,182,4,6031,1689,640000
1,1.0,2,1.3,174,4,6068,1713,925000
0,3.0,1,0.52,172,4,6018,1851,144900
1,3.0,1,1.97,172,4,6018,1887,399000
1,2.0,2,17.5,172,4,6018,1086,430000
1,5.0,2,0.58,172,4,6018,1840,215000
1,4.0,1,3.52,172,4,6018,1592,250000
0,3.0,1,0.48,172,4,6018,1519,345000
0,1.0,2,80.0,182,4,6031,1162,2200000
0,1.0,2,0.8,172,4,6018,1587,684900
1,5.0,2,0.23,172,4,6018,1160,288500
1,1.0,1,11.81,174,4,6068,1251,695000
0,3.0,1,1.01,172,4,6018,1887,275000
1,4.0,2,23.0,172,4,6024,1746,230000
1,4.0,1,1.33,172,4,6024,1017,260000
0,5.0,2,0.75,172,4,6018,1754,420000
0,5.0,2,3.81,172,4,6018,1089,425000
0,2.0,1,14.81,169,4,6063,1119,57000
0,1.0,1,82.0,170,4,6098,1326,995000
1,1.0,1,1.39,170,4,6098,1083,64000
0,2.0,2,63.0,170,4,6098,1009,499000
0,4.0,1,0.56,171,4,6058,1898,50000
0,2.0,2,14.45,185,4,6796,1777,190000
0,2.0,1,16.66,182,4,6031,1954,119000
0,4.0,1,1.22,174,4,6039,1281,115000
1,1.0,2,9.0,170,4,6098,1235,59900
0,3.0,2,0.92,170,4,6098,1398,54000
0,3.0,1,4.71,169,4,6063,1807,55900
0,3.0,2,14.63,172,4,6018,1699,175800
0,3.0,2,2.65,182,4,6031,1422,99900
0,3.0,1,47.17,60,4,6756,1220,475000
0,3.0,1,0.21,170,4,6098,1434,59900
0,5.0,1,0.29,170,4,6098,1674,40000
0,5.0,2,1.1,175,4,6069,1299,485000
1,3.0,1,1.4,172,4,6018,1562,468000
1,4.0,2,13.8,170,4,6098,1686,365000
0,3.0,2,7.23,174,4,6039,1844,895000
0,4.0,2,0.25,170,4,6098,1327,149000
0,1.0,2,474.0,174,4,6068,1736,15750000
0,3.0,2,0.58,174,4,6068,1624,550000
0,2.0,2,63.0,170,4,6098,1967,299900
0,5.0,1,0.12,170,4,6098,1615,735000
1,5.0,2,57.0,170,4,6098,1313,430000
0,4.0,2,1.01,174,4,6068,1029,395000
0,1.0,1,0.46,60,4,6756,1056,339000
0,5.0,2,2.33,170,4,6098,1461,329000
1,5.0,2,3.68,183,4,6021,1321,40000
1,2.0,1,0.35,172,4,6018,1297,299000
1,5.0,2,450.95,185,4,6753,1265,14995000
1,3.0,2,0.8,174,4,6039,1398,499000
1,4.0,1,0.19,170,4,6098,1739,175000
1,4.0,2,1.48,176,4,6790,1755,125000
0,1.0,1,0.21,170,4,6098,1952,140000
0,1.0,2,53.94,169,4,6063,1980,299900
1,4.0,2,0.6,174,4,6039,1432,895000
1,4.0,1,6.03,182,4,6031,1192,640000
0,1.0,2,1.0,171,4,6058,1070,425000
1,2.0,2,7.87,183,4,6021,1891,745000
0,2.0,1,0.45,182,4,6031,1812,785000
0,1.0,1,85.0,174,4,6068,1015,11890000
0,2.0,2,46.28,183,4,6021,1890,1095000
0,2.0,2,6.44,174,4,6039,1413,2450000
1,4.0,2,60.58,170,4,6098,1295,2900000
0,5.0,1,1.3,174,4,6068,1903,925000
0,4.0,1,75.0,182,4,6031,1658,999999
0,2.0,2,0.58,172,4,6018,1407,215000
0,1.0,2,1.97,172,4,6018,1728,399000
1,3.0,2,40.1,171,4,6058,1518,1745000
1,2.0,1,0.29,172,4,6018,1612,144900
1,5.0,1,0.16,170,4,6098,1636,169900
0,1.0,2,0.9,170,4,6098,1737,225000
0,5.0,1,0.23,170,4,6098,1324,225000
0,1.0,1,3.52,172,4,6018,1837,250000
0,2.0,1,0.46,174,4,6039,1854,749000
1,4.0,2,17.5,172,4,6018,1854,430000
0,5.0,2,0.14,170,4,6098,1492,279000
0,3.0,2,0.71,170,4,6098,1463,295000
1,4.0,1,0.48,172,4,6018,1179,345000
0,5.0,1,9.5,182,4,6031,1809,825000
1,2.0,1,0.3,170,4,6098,1441,140000
1,4.0,1,80.0,182,4,6031,1620,2200000
0,5.0,2,6.53,183,4,6021,1319,339900
0,4.0,1,2.1,183,4,6021,1579,255000
0,2.0,2,3.6,175,4,6069,1376,325000
0,3.0,1,4.13,170,4,6098,1301,299900
1,4.0,2,0.8,172,4,6018,1500,684900
0,4.0,1,0.11,170,4,6098,1090,154500
1,4.0,1,1.2,173,4,6057,1572,264800
0,1.0,1,5.42,174,4,6039,1180,225000
0,5.0,1,0.43,170,4,6098,1786,189000
0,1.0,1,4.83,182,4,6031,1704,725000
1,2.0,1,22.97,174,4,6039,1109,4995000
0,1.0,1,4.75,60,4,6756,1505,650000
0,5.0,2,2.62,171,4,6058,1109,875000
1,4.0,2,7.0,182,4,6031,1833,645000
1,1.0,1,1.44,173,4,6057,1935,775000
0,2.0,1,6.32,60,4,6756,1429,999900
0,2.0,1,15.46,174,4,6068,1109,625000
0,5.0,2,9.24,174,4,6068,1618,2245000
0,1.0,1,0.28,170,4,6098,1548,249500
0,5.0,1,1.57,174,4,6068,1366,585000
1,3.0,1,88.79,185,4,6031,1594,1200000
0,1.0,1,5.17,174,4,6039,1850,2875000
0,3.0,2,1.01,172,4,6018,1962,275000
1,4.0,1,0.07,171,4,6058,1384,122500
0,2.0,1,0.23,172,4,6018,1961,288500
0,3.0,2,0.44,176,4,6790,1084,164900
0,5.0,2,0.57,182,4,6031,1348,369000
1,3.0,2,3.8,170,4,6098,1476,53900
0,3.0,1,0.35,170,4,6098,1095,175000
1,2.0,2,0.25,170,4,6098,1250,178200
0,5.0,2,0.34,170,4,6098,1952,269900
1,5.0,2,0.23,174,4,6039,1934,595000
0,2.0,1,8.12,170,4,6098,1453,1175000
1,4.0,1,28.0,174,4,6039,1825,4995000
1,2.0,1,1.46,174,4,6039,1356,2345000
0,5.0,2,27.13,170,4,6098,1054,680000
0,2.0,2,2.6,185,4,6796,1737,1150000
1,2.0,2,2.6,172,4,6024,1442,479000
0,2.0,2,9.18,174,4,6039,1075,445500
1,4.0,1,14.6,174,4,6039,1611,625000
1,4.0,2,11.81,174,4,6068,1292,695000
0,3.0,1,5.95,183,4,6021,1669,199900
1,4.0,1,0.35,176,4,6790,1568,229000
0,3.0,1,23.0,172,4,6024,1326,230000
1,4.0,1,1.1,176,4,6790,1087,329900
0,1.0,1,0.26,170,4,6098,1890,169000
1,1.0,2,0.42,170,4,6098,1402,257500
0,2.0,1,2.59,170,4,6098,1754,349900
0,3.0,1,0.16,170,4,6098,1905,129000
0,5.0,2,1.33,173,4,6057,1063,224500
1,1.0,1,2.07,174,4,6039,1764,825000
1,4.0,1,0.39,174,4,6068,1009,695000
0,5.0,2,55.0,170,4,6098,1077,550000
0,4.0,2,3.73,171,4,6058,1945,695000
1,3.0,2,41.0,182,4,6031,1011,995000
1,4.0,1,0.13,170,4,6098,1312,100000
0,2.0,2,22.33,171,4,6058,1752,1350000
1,4.0,2,0.07,170,4,6098,1839,199900
0,1.0,2,5.37,174,4,6068,1177,2695000
0,3.0,1,6.09,174,4,6068,1885,1795000
0,5.0,1,1.91,150,4,6088,1104,49000
1,4.0,1,3.68,189,4,6232,1483,52000
1,3.0,1,4.18,190,4,6415,1210,59900
0,5.0,1,5.1,191,4,6043,1769,69900
0,5.0,2,0.39,168,4,6457,1120,130000
0,2.0,1,0.38,192,4,6416,1700,235000
1,2.0,2,3.0,193,4,6026,1395,754900
1,4.0,2,1.48,153,4,6084,1236,39900
1,3.0,2,11.87,150,4,6016,1054,269900
0,3.0,2,56.9,194,4,6037,1526,595000
1,4.0,2,49.5,154,4,6029,1366,325000
0,3.0,1,1.4,156,4,6096,1617,269900
1,1.0,1,0.23,195,4,6106,1538,35000
0,2.0,2,0.23,195,4,6106,1535,35000
0,3.0,2,5.88,149,4,6071,1353,89900
1,5.0,2,31.99,196,4,6424,1435,558000
0,1.0,2,2.36,162,4,6117,1767,749900
0,4.0,1,3.47,190,4,6415,1224,57900
1,4.0,1,5.28,153,4,6084,1482,95000
1,2.0,2,5.52,153,4,6084,1808,90000
1,1.0,1,4.43,153,4,6084,1240,85000
0,3.0,2,1.91,197,4,6480,1444,120000
0,2.0,1,5.13,153,4,6084,1286,97500
0,1.0,2,0.93,147,4,6078,1871,175000
1,3.0,2,2.43,153,4,6084,1193,85000
1,4.0,2,2.44,198,4,6231,1704,79000
0,4.0,1,1.64,197,4,6480,1866,99900
1,2.0,2,2.32,199,4,6492,1131,89900
0,1.0,1,2.08,153,4,6084,1426,85000
1,4.0,1,3.79,155,4,6074,1214,100000
1,3.0,2,1.74,153,4,6084,1687,111000
0,4.0,1,1.91,153,4,6084,1956,85000
0,4.0,2,1.51,153,4,6084,1917,85000
0,1.0,1,1.67,153,4,6084,1888,97500
1,1.0,2,0.5,197,4,6480,1882,100000
0,1.0,2,0.13,195,4,6120,1412,234000
0,4.0,1,0.55,164,4,6040,1793,449900
0,2.0,2,1.14,196,4,6424,1476,399900
0,3.0,1,0.34,198,4,6248,1928,239900
0,5.0,2,9.2,200,4,6416,1458,249900
1,4.0,1,8.84,11,4,6035,1926,199000
0,4.0,2,150.59,201,4,6076,1799,799900
0,3.0,2,5.14,153,4,6084,1166,90000
0,5.0,1,2.23,165,4,6111,1987,100000
1,1.0,2,0.69,148,4,6082,1646,449900
0,2.0,1,2.3,202,4,6033,1817,139900
0,1.0,2,0.24,148,4,6082,1296,479900
1,3.0,2,1.94,148,4,6082,1973,484900
0,5.0,2,2.36,199,4,6492,1446,150000
0,2.0,1,5.58,11,4,6035,1913,800000
1,1.0,2,4.65,203,4,6447,1551,79900
0,2.0,2,21.0,34,4,6095,1760,1575000
0,5.0,2,0.73,165,4,6111,1447,275000
1,5.0,2,1.5,196,4,6424,1762,73000
0,3.0,1,0.44,165,4,6111,1845,275000
0,1.0,2,40.75,199,4,6492,1348,989000
1,2.0,1,1.17,168,4,6457,1859,110000
0,3.0,1,1.0,157,4,6469,1278,74800
0,2.0,1,1.0,157,4,6469,1461,74800
0,3.0,1,1.38,168,4,6457,1891,100000
0,4.0,1,1.78,153,4,6084,1929,85000
1,3.0,1,1.48,153,4,6084,1537,85000
1,1.0,1,0.8,168,4,6457,1884,134800
1,1.0,2,1.48,153,4,6084,1740,130000
0,4.0,2,1.4,153,4,6084,1881,85000
0,4.0,1,1.14,149,4,6071,1831,75000
0,3.0,2,1.32,153,4,6029,1934,110000
0,4.0,2,1.27,153,4,6029,1399,110000
1,2.0,2,1.27,153,4,6029,1272,110000
0,2.0,1,1.29,153,4,6029,1626,110000
0,5.0,1,0.25,197,4,6480,1004,79900
1,1.0,2,0.51,161,4,6109,1076,439000
1,1.0,1,0.37,198,4,6248,1538,300900
0,2.0,1,0.73,153,4,6084,1353,359999
0,1.0,2,0.19,195,4,6112,1515,175000
0,4.0,2,0.18,195,4,6120,1813,220000
0,2.0,2,0.61,159,4,6002,1969,159900
0,1.0,1,0.34,164,4,6040,1515,181900
0,4.0,2,0.1,195,4,6112,1684,239000
0,3.0,2,13.76,204,4,6237,1637,69900
1,1.0,1,1.54,150,4,6088,1089,349900
0,1.0,1,0.2,163,4,6051,1409,345000
1,5.0,1,0.71,150,4,6016,1333,439900
0,5.0,2,0.2,163,4,6051,1433,349000
0,2.0,1,0.18,195,4,6120,1141,24900
1,5.0,1,1.08,167,4,6118,1301,389999
0,4.0,2,1.74,34,4,6095,1030,304900
0,5.0,2,0.61,34,4,6095,1748,304900
0,3.0,1,2.4,193,4,6026,1816,579900
0,2.0,1,4.97,196,4,6424,1422,120000
0,1.0,2,0.87,196,4,6424,1942,449900
0,3.0,2,3.44,197,4,6480,1865,150000
0,4.0,1,6.5,193,4,6026,1739,180000
0,3.0,2,3.4,149,4,6071,1896,149900
0,1.0,1,16.46,159,4,6002,1722,275000
0,1.0,1,21.5,11,4,6035,1554,1200000
0,1.0,1,1.21,149,4,6071,1003,385000
0,3.0,1,2.1,205,4,6441,1388,125000
1,3.0,1,1.03,167,4,6118,1001,399900
0,5.0,2,1.84,202,4,6073,1721,279900
0,3.0,1,8.04,165,4,6111,1704,1999900
0,5.0,1,0.04,195,4,6120,1706,55000
0,3.0,2,0.17,195,4,6112,1206,119999
1,4.0,2,0.26,195,4,6106,1738,40000
1,3.0,1,0.18,195,4,6114,1958,70000
0,3.0,1,0.17,195,4,6106,1910,99900
1,3.0,1,0.23,163,4,6053,1576,45000
0,2.0,1,0.38,195,4,6112,1137,40000
0,1.0,2,2.54,155,4,6074,1236,19900
0,5.0,2,4.1,155,4,6074,1893,250000
0,5.0,1,2.6,205,4,6441,1547,170000
0,2.0,2,0.23,191,4,6043,1230,169900
1,1.0,2,1.24,205,4,6441,1295,275000
0,2.0,2,1.1,206,4,6437,1427,260000
1,4.0,2,2.62,196,4,6424,1615,43000
0,4.0,1,6.7,150,4,6016,1194,229900
1,4.0,2,3.17,197,4,6480,1871,399900
1,1.0,1,0.64,195,4,6114,1205,75000
0,2.0,2,0.19,168,4,6457,1788,160000
0,5.0,2,4.5,155,4,6074,1904,265000
1,3.0,1,0.83,167,4,6118,1571,54900
0,4.0,1,2.06,147,4,6078,1228,539000
0,1.0,1,0.48,154,4,6029,1629,219900
1,4.0,1,10.36,204,4,6237,1752,140000
0,2.0,1,2.02,166,4,6001,1089,599900
1,2.0,1,1.67,149,4,6071,1998,55000
1,1.0,2,0.16,151,4,6066,1978,229000
1,5.0,2,0.69,196,4,6424,1688,52900
0,4.0,2,1.15,202,4,6033,1237,99900
0,4.0,2,0.2,34,4,6095,1253,339900
0,3.0,1,0.22,163,4,6051,1822,319900
1,5.0,1,0.28,164,4,6040,1407,249900
0,1.0,2,0.3,163,4,6051,1253,219900
0,4.0,1,0.26,163,4,6052,1274,324900
1,5.0,1,0.17,195,4,6112,1172,259900
0,3.0,1,0.14,195,4,6106,1396,319000
1,2.0,1,35.6,11,4,6035,1106,375000
0,1.0,1,2.12,168,4,6457,1734,115000
1,3.0,1,3.8,167,4,6118,1422,250000
0,2.0,2,2.06,160,4,6422,1593,125000
0,5.0,2,1.84,202,4,6073,1577,199900
0,1.0,1,0.2,34,4,6095,1781,369900
0,5.0,2,0.92,34,4,6095,1705,309900
1,2.0,1,0.8,207,4,6032,1394,477900
1,4.0,2,0.49,207,4,6032,1244,482900
0,2.0,2,7.96,167,4,6118,1160,350000
1,1.0,2,0.44,194,4,6037,1988,389900
1,5.0,2,73.64,160,4,6422,1031,1100000
1,4.0,1,1.44,149,4,6071,1468,350000
0,1.0,1,0.8,161,4,6109,1143,289900
0,2.0,1,0.14,164,4,6040,1006,179900
0,5.0,2,9.07,207,4,6032,1989,3850000
1,2.0,2,1.56,195,4,6114,1278,34900
1,3.0,2,0.99,154,4,6029,1091,136000
0,4.0,1,0.89,208,4,6450,1638,164900
0,1.0,2,0.84,167,4,6118,1845,35000
0,5.0,1,0.17,163,4,6051,1893,319900
0,4.0,2,0.18,163,4,6051,1799,285000
1,2.0,2,3.04,196,4,6424,1206,64900
0,3.0,1,0.82,194,4,6037,1811,370000
1,2.0,2,0.18,163,4,6051,1232,259000
0,3.0,2,0.13,195,4,6112,1733,209900
1,5.0,2,0.25,165,4,6111,1255,339900
1,2.0,2,0.56,148,4,6082,1778,339999
0,5.0,2,0.26,151,4,6066,1716,149900
0,1.0,1,2.26,154,4,6029,1530,569900
1,4.0,1,1.25,164,4,6042,1293,689900
1,2.0,2,0.29,197,4,6480,1179,319900
0,1.0,1,0.28,167,4,6108,1608,190000
0,2.0,2,0.79,151,4,6066,1590,279900
0,2.0,2,0.45,163,4,6051,1737,249000
1,2.0,2,0.16,195,4,6112,1546,185000
0,3.0,2,0.49,195,4,6105,1003,850000
0,5.0,2,0.3,167,4,6108,1425,237900
0,5.0,1,4.3,202,4,6033,1543,1500000
0,4.0,1,0.36,161,4,6109,1880,369900
1,4.0,2,0.3,151,4,6066,1413,249900
0,2.0,2,0.14,163,4,6051,1332,112900
0,1.0,2,0.27,163,4,6053,1854,189900
0,3.0,2,2.72,53,4,6455,1123,850000
0,3.0,2,0.17,164,4,6040,1933,249900
1,4.0,1,0.57,149,4,6071,1767,269900
1,3.0,1,0.19,163,4,6052,1803,174900
0,3.0,2,0.2,163,4,6053,1111,275000
0,5.0,1,1.53,192,4,6416,1528,106500
0,3.0,2,1.0,153,4,6084,1508,54000
1,1.0,2,0.26,164,4,6042,1864,249000
0,2.0,1,0.35,151,4,6066,1262,264900
0,2.0,1,1.67,164,4,6040,1326,274900
0,2.0,2,0.13,195,4,6106,1509,335000
1,3.0,1,0.17,167,4,6108,1282,289000
0,3.0,2,0.36,148,4,6082,1837,229900
1,3.0,2,9.54,166,4,6001,1051,279000
0,4.0,1,4.01,166,4,6001,1141,349000
1,2.0,2,0.7,202,4,6073,1847,250000
0,5.0,2,1.42,203,4,6447,1945,399000
1,2.0,2,0.18,167,4,6108,1509,167500
1,2.0,1,0.22,161,4,6109,1350,224000
1,4.0,1,0.77,193,4,6026,1392,399900
0,2.0,2,0.51,164,4,6040,1080,389900
1,4.0,1,0.26,164,4,6040,1390,204900
1,5.0,2,0.14,162,4,6107,1557,399000
0,4.0,2,0.48,164,4,6040,1237,485000
0,3.0,2,0.29,208,4,6450,1219,179900
1,2.0,1,1.93,202,4,6073,1859,925000
0,2.0,2,0.91,164,4,6042,1853,115000
0,5.0,2,0.83,34,4,6095,1526,269900
1,4.0,2,0.93,154,4,6029,1399,259900
0,5.0,1,0.19,164,4,6040,1805,229900
1,4.0,1,0.41,162,4,6107,1325,799900
0,5.0,1,0.21,167,4,6118,1959,189900
0,4.0,2,1.02,165,4,6111,1150,260000
1,4.0,2,0.5,202,4,6033,1988,129000
0,4.0,2,0.14,164,4,6040,1906,379900
0,1.0,1,0.22,195,4,6114,1295,214900
1,2.0,2,0.36,168,4,6457,1856,79900
1,3.0,2,4.95,166,4,6001,1984,1200000
1,2.0,1,0.5,159,4,6002,1178,269500
0,4.0,1,0.34,207,4,6032,1023,559900
1,1.0,2,0.29,148,4,6082,1506,200000
1,4.0,2,0.33,162,4,6117,1675,395000
1,4.0,1,0.46,208,4,6450,1625,269000
0,5.0,2,1.78,155,4,6074,1707,275000
1,5.0,1,0.97,148,4,6082,1866,273000
1,1.0,1,0.26,165,4,6111,1367,249900
0,1.0,2,1.82,202,4,6033,1888,739900
0,4.0,2,0.16,167,4,6118,1967,269000
0,1.0,2,0.78,157,4,6469,1434,485700
0,2.0,1,0.17,167,4,6118,1107,279900
0,4.0,1,1.52,195,4,6105,1438,88000
0,5.0,1,3.09,154,4,6029,1039,459900
1,1.0,2,0.54,162,4,6107,1459,274900
0,1.0,1,0.5,168,4,6457,1273,515000
0,3.0,2,2.16,196,4,6424,1374,424900
1,1.0,1,0.34,152,4,6238,1107,199900
1,3.0,1,0.48,151,4,6066,1492,165000
0,5.0,2,0.4,207,4,6032,1896,325000
1,5.0,2,1.17,164,4,6042,1997,379900
0,2.0,1,3.64,196,4,6424,1946,75000
1,1.0,2,0.41,158,4,6081,1749,339900
0,2.0,2,0.92,149,4,6071,1420,385000
0,4.0,2,0.55,161,4,6109,1412,339000
0,2.0,1,0.44,195,4,6105,1223,599900
1,1.0,1,0.16,163,4,6053,1939,199900
0,4.0,1,0.46,201,4,6076,1577,220000
1,1.0,1,0.1,164,4,6042,1265,224900
1,4.0,2,1.03,202,4,6033,1581,234900
0,2.0,2,0.22,167,4,6108,1737,215000
1,5.0,1,0.48,163,4,6053,1697,169000
0,1.0,2,0.29,162,4,6117,1748,320000
1,4.0,2,0.89,155,4,6074,1634,469900
0,5.0,2,0.18,165,4,6111,1550,235000
0,2.0,1,0.22,161,4,6109,1087,279900
0,1.0,2,0.14,196,4,6424,1692,259900
0,1.0,1,0.46,165,4,6111,1298,394900
0,2.0,1,0.17,163,4,6053,1912,244000
0,4.0,2,0.35,202,4,6033,1085,339900
0,3.0,2,1.61,202,4,6033,1511,269900
1,2.0,1,1.61,155,4,6074,1290,155000
0,3.0,1,0.13,195,4,6106,1961,249900
1,5.0,1,0.3,165,4,6111,1505,379900
0,4.0,2,0.13,168,4,6457,1576,249000
0,2.0,2,0.18,208,4,6450,1950,259900
1,4.0,1,0.22,195,4,6114,1964,650000
0,2.0,2,0.46,155,4,6074,1472,279000
0,3.0,2,0.11,195,4,6106,1446,309900
1,1.0,1,0.17,163,4,6051,1335,259900
0,2.0,2,2.28,205,4,6441,1044,135000
0,1.0,2,0.97,155,4,6074,1734,199900
1,5.0,2,0.16,163,4,6051,1799,195000
0,4.0,2,1.28,204,4,6237,1570,314999
1,3.0,2,0.55,165,4,6111,1661,289900
0,2.0,1,0.15,195,4,6106,1218,209100
1,1.0,1,1.0,197,4,6480,1973,359000
0,1.0,1,0.4,161,4,6109,1739,199900
0,2.0,1,1.08,151,4,6066,1383,529900
1,3.0,2,0.21,163,4,6053,1604,210000
0,2.0,2,0.48,162,4,6107,1054,599900
0,5.0,1,3.5,204,4,6237,1605,299900
0,2.0,2,0.13,163,4,6051,1899,180000
0,4.0,2,0.5,151,4,6066,1367,149900
0,3.0,2,0.51,150,4,6088,1900,234500
0,4.0,2,0.17,195,4,6112,1551,139000
0,5.0,1,2.17,168,4,6457,1671,630000
1,4.0,1,0.33,168,4,6457,1562,349900
0,4.0,2,0.86,168,4,6457,1114,105000
0,5.0,2,1.38,155,4,6074,1607,20000
1,5.0,1,0.47,151,4,6066,1766,259900
0,1.0,1,1.53,200,4,6067,1240,174900
0,1.0,1,0.28,162,4,6107,1248,299900
0,5.0,2,0.16,168,4,6457,1270,415000
1,5.0,2,0.34,192,4,6416,1692,445000
0,1.0,1,0.26,197,4,6480,1349,249900
0,4.0,2,0.2,167,4,6108,1093,265000
1,4.0,1,1.54,154,4,6029,1014,299900
0,2.0,2,0.32,192,4,6416,1302,129900
1,1.0,1,0.35,168,4,6457,1130,349900
0,3.0,2,0.34,168,4,6457,1113,334900
0,1.0,1,0.25,162,4,6107,1355,409000
1,1.0,2,1.06,200,4,6067,1518,232000
1,3.0,1,4.52,147,4,6078,1915,979900
0,5.0,1,0.31,161,4,6109,1615,319900
1,5.0,1,0.57,159,4,6002,1699,475000
1,2.0,1,0.26,161,4,6109,1086,249900
1,5.0,1,0.61,158,4,6070,1102,400000
0,3.0,1,0.12,200,4,6067,1426,214900
0,1.0,1,0.48,148,4,6082,1011,239900
1,1.0,2,0.28,163,4,6053,1913,299900
0,2.0,1,0.16,167,4,6118,1346,205000
0,2.0,1,0.86,151,4,6066,1891,190000
1,4.0,1,0.22,167,4,6118,1201,299900
1,2.0,1,0.17,163,4,6051,1382,294900
0,3.0,1,0.25,163,4,6052,1972,329900
1,5.0,1,0.41,148,4,6082,1860,324900
0,4.0,1,0.26,165,4,6111,1468,299999
0,3.0,2,0.23,159,4,6002,1511,199900
0,3.0,2,0.35,190,4,6415,1841,283995
0,5.0,1,0.24,168,4,6457,1244,285000
0,2.0,2,0.52,160,4,6422,1636,199900
0,5.0,2,0.22,167,4,6118,1797,139999
1,5.0,2,0.24,195,4,6120,1738,250000
1,5.0,2,0.26,163,4,6053,1562,120000
0,3.0,2,8.08,194,4,6037,1488,510000
0,1.0,1,0.28,193,4,6026,1938,249900
0,5.0,1,0.08,195,4,6120,1311,255000
1,3.0,2,0.17,195,4,6112,1541,199900
1,3.0,1,0.2,163,4,6052,1655,299900
1,5.0,1,1.26,163,4,6053,1519,69000
0,5.0,1,0.29,163,4,6052,1478,245000
1,5.0,2,0.48,193,4,6026,1517,279900
0,2.0,1,0.4,156,4,6096,1333,219999
1,2.0,2,0.4,162,4,6117,1967,310000
0,3.0,1,0.4,200,4,6067,1120,354900
0,3.0,1,0.31,151,4,6066,1345,209900
1,4.0,1,0.2,165,4,6111,1399,239900
0,1.0,1,0.84,165,4,6111,1213,479900
0,4.0,2,1.4,154,4,6029,1507,549900
0,3.0,1,0.41,208,4,6450,1509,385000
0,4.0,1,1.38,34,4,6095,1950,215000
0,2.0,2,0.57,194,4,6037,1290,399900
0,1.0,2,0.59,155,4,6074,1840,324900
0,1.0,2,0.17,195,4,6114,1869,369900
0,3.0,2,0.17,163,4,6053,1530,225000
1,2.0,2,0.17,195,4,6114,1037,284900
1,1.0,2,0.4,162,4,6117,1030,419900
1,2.0,1,0.66,202,4,6033,1986,349900
0,4.0,1,0.2,162,4,6117,1267,389900
0,3.0,1,0.64,150,4,6088,1224,339900
0,2.0,1,1.57,150,4,6088,1256,329900
0,4.0,1,0.23,150,4,6088,1121,329900
0,4.0,2,0.7,150,4,6088,1395,329900
0,3.0,1,0.67,150,4,6088,1519,329900
1,2.0,2,0.74,208,4,6450,1291,339000
0,1.0,1,0.26,156,4,6096,1348,209900
0,2.0,1,1.84,209,4,6443,1457,335000
1,2.0,1,1.36,34,4,6095,1076,199900
1,3.0,2,1.92,200,4,6067,1000,99900
0,2.0,2,0.1,164,4,6040,1752,199900
0,3.0,2,0.22,151,4,6066,1705,199900
0,4.0,1,0.47,162,4,6117,1440,495000
1,5.0,2,0.48,156,4,6096,1239,335000
0,1.0,1,0.74,34,4,6095,1395,299900
0,3.0,2,0.16,164,4,6040,1129,134900
0,4.0,2,1.04,198,4,6248,1026,295000
0,5.0,1,0.48,192,4,6416,1545,249900
1,2.0,1,0.36,155,4,6074,1196,299900
0,3.0,2,0.17,164,4,6042,1374,214900
0,2.0,1,0.14,195,4,6120,1621,269900
0,4.0,1,0.5,148,4,6082,1092,319900
0,4.0,1,1.37,155,4,6074,1143,569000
1,3.0,2,0.15,161,4,6109,1111,289000
1,5.0,2,0.94,160,4,6422,1680,469900
1,5.0,2,1.31,189,4,6232,1954,74900
0,1.0,2,0.46,208,4,6450,1791,275000
0,5.0,2,0.73,202,4,6033,1303,624900
0,3.0,1,0.77,158,4,6070,1393,400000
0,4.0,1,0.8,168,4,6457,1142,339900
1,4.0,2,0.29,148,4,6082,1525,280000
1,2.0,1,2.0,149,4,6071,1320,439900
0,3.0,2,0.9,155,4,6074,1045,119000
0,4.0,1,0.28,34,4,6095,1716,274999
1,2.0,2,0.15,167,4,6108,1539,239900
1,3.0,2,1.86,154,4,6029,1434,111000
1,5.0,1,0.17,163,4,6051,1740,259900
1,1.0,1,0.3,165,4,6111,1276,289900
0,2.0,2,0.84,202,4,6033,1762,425000
1,5.0,1,0.25,164,4,6042,1687,279900
0,5.0,2,0.18,195,4,6114,1730,299900
1,5.0,2,0.17,195,4,6112,1972,210000
0,1.0,2,0.19,195,4,6106,1186,309900
1,2.0,2,1.06,202,4,6033,1809,199900
1,5.0,1,0.19,164,4,6040,1414,115000
1,5.0,1,0.39,197,4,6480,1751,269000
1,4.0,2,0.27,195,4,6112,1652,150000
1,2.0,1,0.16,163,4,6051,1925,192000
0,5.0,2,0.69,151,4,6066,1925,354900
0,2.0,2,0.6,162,4,6107,1412,325000
0,4.0,2,0.46,164,4,6042,1773,129900
1,3.0,2,0.21,195,4,6105,1396,399900
0,3.0,1,0.52,164,4,6040,1899,264900
1,3.0,1,0.92,196,4,6424,1665,339000
0,1.0,1,2.01,166,4,6001,1365,519900
0,5.0,2,0.9,200,4,6067,1342,224000
0,5.0,2,0.43,148,4,6082,1746,219000
0,1.0,2,1.55,194,4,6037,1035,159000
1,5.0,1,0.34,162,4,6107,1359,315000
1,3.0,1,0.42,164,4,6042,1704,294900
0,1.0,2,0.23,162,4,6107,1899,375000
0,3.0,2,0.18,161,4,6109,1930,379900
0,5.0,2,0.48,163,4,6052,1761,369900
0,1.0,2,0.66,202,4,6033,1080,539900
0,2.0,1,0.15,163,4,6051,1684,300000
0,4.0,2,0.22,195,4,6106,1376,249900
0,5.0,2,0.15,163,4,6051,1068,300000
0,5.0,1,1.45,154,4,6029,1599,329900
0,4.0,1,27.0,149,4,6071,1152,1700000
0,2.0,1,0.18,195,4,6106,1870,200000
0,1.0,2,0.92,11,4,6060,1204,350000
0,3.0,1,0.86,151,4,6066,1425,60000
0,1.0,1,1.62,159,4,6002,1343,200000
1,4.0,2,0.84,195,4,6114,1869,80000
0,4.0,1,1.92,154,4,6029,1703,424900
1,2.0,2,0.41,149,4,6071,1972,264900
0,2.0,1,0.25,168,4,6457,1737,210000
0,4.0,1,2.48,203,4,6447,1669,289900
0,3.0,2,1.06,149,4,6071,1353,330000
0,3.0,2,1.0,192,4,6416,1210,695000
0,4.0,2,0.74,164,4,6040,1926,319900
1,5.0,1,0.43,194,4,6037,1826,350000
0,2.0,2,0.25,161,4,6109,1791,235000
1,1.0,1,0.18,167,4,6108,1020,165000
0,5.0,2,0.9,202,4,6033,1215,520000
0,5.0,2,0.84,191,4,6043,1734,275000
0,5.0,1,1.31,195,4,6114,1598,85000
1,2.0,1,0.28,162,4,6119,1792,475000
1,2.0,1,0.59,203,4,6447,1068,259900
0,1.0,1,0.25,148,4,6082,1574,260000
0,2.0,2,1.45,154,4,6029,1111,319900
0,1.0,2,0.57,151,4,6066,1715,260000
1,1.0,2,0.18,195,4,6106,1978,315000
0,3.0,2,0.22,162,4,6110,1214,259900
0,5.0,1,0.21,162,4,6119,1734,450000
0,1.0,2,0.48,155,4,6074,1679,324000
0,2.0,2,0.3,148,4,6082,1415,259900
1,3.0,1,0.18,195,4,6105,1001,349900
1,1.0,2,0.31,195,4,6106,1082,239900
0,3.0,2,0.27,163,4,6053,1908,239900
0,2.0,2,0.13,195,4,6114,1225,116600
0,3.0,1,1.17,150,4,6088,1085,138000
0,2.0,1,0.12,151,4,6066,1254,239900
1,1.0,1,0.64,157,4,6469,1293,255888
0,5.0,2,0.04,167,4,6118,1831,34900
1,1.0,2,0.12,148,4,6082,1358,165000
0,4.0,1,0.16,163,4,6053,1478,249900
0,3.0,2,1.43,194,4,6037,1211,199900
0,1.0,1,0.37,202,4,6033,1610,319900
1,5.0,2,0.4,196,4,6424,1146,335000
1,3.0,1,7.5,203,4,6447,1310,375000
0,5.0,2,0.72,11,4,6035,1188,349900
1,2.0,1,0.57,164,4,6040,1865,299900
0,1.0,2,0.44,192,4,6416,1085,114900
0,2.0,2,0.48,202,4,6033,1160,318900
0,2.0,1,1.1,153,4,6084,1615,402000
0,3.0,1,0.17,156,4,6096,1355,249900
0,5.0,1,0.66,164,4,6042,1631,274900
0,2.0,2,0.34,193,4,6026,1478,295000
1,1.0,2,0.17,162,4,6110,1656,395000
1,4.0,1,2.03,11,4,6035,1927,729900
0,3.0,1,0.44,197,4,6480,1043,239900
0,1.0,1,0.5,168,4,6457,1645,299900
0,5.0,2,0.74,155,4,6074,1194,515000
1,2.0,2,0.3,161,4,6109,1633,239900
0,2.0,1,0.27,162,4,6119,1317,575000
1,5.0,1,0.1,164,4,6042,1355,239000
1,1.0,2,0.55,162,4,6117,1098,459900
0,2.0,2,0.28,163,4,6053,1143,325000
0,4.0,1,0.56,208,4,6451,1003,250000
0,4.0,2,0.92,202,4,6033,1585,769900
1,3.0,1,0.24,148,4,6082,1142,75000
0,3.0,2,0.26,162,4,6107,1440,334900
0,3.0,2,0.19,165,4,6111,1546,325000
1,3.0,1,0.13,195,4,6114,1317,279900
1,1.0,1,0.31,167,4,6118,1207,279900
1,5.0,2,1.59,151,4,6066,1998,40000
1,1.0,1,1.06,155,4,6074,1358,34000
0,4.0,1,2.81,203,4,6447,1710,139000
0,1.0,1,0.08,195,4,6106,1264,160000
0,2.0,1,0.95,151,4,6066,1862,249900
0,5.0,2,0.46,207,4,6032,1387,199900
0,4.0,2,0.17,162,4,6110,1398,255000
0,4.0,1,0.37,168,4,6457,1447,235000
0,2.0,1,4.74,190,4,6415,1198,449900
0,1.0,1,0.69,154,4,6029,1927,425000
1,5.0,1,3.71,11,4,6090,1602,650000
0,4.0,2,0.17,164,4,6040,1963,169000
0,2.0,1,2.66,159,4,6002,1109,500000
0,4.0,2,0.35,147,4,6078,1351,359800
1,5.0,1,0.43,162,4,6107,1565,429900
0,2.0,2,2.31,154,4,6029,1135,529900
0,2.0,2,0.74,202,4,6033,1113,399900
0,1.0,1,0.3,148,4,6082,1648,284900
1,4.0,2,0.77,200,4,6067,1925,224900
0,1.0,2,0.46,207,4,6032,1357,379000
0,5.0,1,0.18,161,4,6109,1414,290000
1,2.0,1,0.18,195,4,6106,1028,189900
1,5.0,2,0.11,195,4,6114,1050,249000
0,4.0,2,0.21,164,4,6040,1548,264900
0,1.0,1,0.61,161,4,6109,1995,379900
0,1.0,1,0.22,161,4,6109,1566,289000
0,4.0,2,0.47,194,4,6037,1461,369900
0,4.0,2,0.25,162,4,6107,1681,369000
1,4.0,1,1.11,34,4,6095,1732,290000
0,1.0,2,0.28,162,4,6107,1294,399900
0,3.0,2,0.57,202,4,6033,1205,354000
0,2.0,2,0.24,162,4,6110,1718,249900
0,5.0,1,0.29,167,4,6118,1799,199000
0,3.0,2,0.14,195,4,6106,1578,329900
1,3.0,2,1.94,11,4,6060,1419,625000
1,5.0,1,0.13,164,4,6040,1415,289900
0,4.0,1,0.41,158,4,6070,1609,180000
0,3.0,1,0.86,159,4,6002,1010,369900
1,4.0,1,0.36,34,4,6095,1322,199900
1,2.0,2,1.33,194,4,6037,1785,369900
1,5.0,1,0.25,148,4,6082,1835,179950
0,3.0,1,0.2,167,4,6118,1579,125000
1,4.0,2,0.17,195,4,6106,1681,235000
0,1.0,1,0.28,164,4,6042,1788,164900
0,4.0,1,0.28,164,4,6042,1936,415000
0,3.0,1,0.13,195,4,6112,1939,189900
0,4.0,2,4.2,162,4,6107,1210,1750000
0,4.0,2,2.94,11,4,6035,1607,625000
0,2.0,2,0.89,164,4,6042,1912,499900
0,2.0,2,0.13,165,4,6111,1738,274900
0,1.0,1,0.26,165,4,6111,1512,400000
0,3.0,2,0.75,168,4,6457,1417,469000
0,5.0,2,0.9,162,4,6117,1266,839000
0,5.0,2,1.38,163,4,6053,1516,89900
0,1.0,2,2.59,152,4,6238,1047,384900
1,5.0,1,0.74,164,4,6042,1132,170000
0,3.0,1,0.17,167,4,6118,1541,175000
1,4.0,1,0.24,162,4,6119,1202,549000
0,4.0,1,0.12,148,4,6082,1777,209000
0,1.0,1,0.85,196,4,6424,1830,415000
0,2.0,1,0.24,161,4,6109,1313,299999
0,2.0,1,1.93,200,4,6067,1349,314900
0,1.0,1,0.92,202,4,6033,1955,529900
0,3.0,1,0.5,166,4,6001,1412,489900
1,2.0,2,1.58,155,4,6074,1917,339900
0,2.0,1,0.54,155,4,6074,1897,285900
0,2.0,1,0.38,155,4,6074,1460,234900
0,1.0,1,0.61,155,4,6074,1901,244900
1,1.0,1,0.14,162,4,6119,1128,325000
1,3.0,2,0.15,163,4,6051,1309,284900
0,4.0,2,0.22,167,4,6118,1306,249900
0,2.0,1,0.38,155,4,6074,1459,289900
1,4.0,1,0.2,167,4,6118,1127,185000
0,1.0,2,0.14,195,4,6105,1231,1150000
0,3.0,1,0.66,34,4,6095,1026,399900
1,1.0,1,0.24,161,4,6109,1694,425000
0,2.0,2,0.6,174,4,6039,1037,895000
0,2.0,1,0.8,174,4,6039,1669,499000
0,5.0,2,7.23,174,4,6039,1081,895000
0,1.0,1,474.0,174,4,6068,1948,15750000
0,1.0,1,0.58,174,4,6068,1552,550000
0,2.0,2,85.0,174,4,6068,1884,11890000
0,2.0,2,3.68,183,4,6021,1119,40000
1,1.0,2,2.0,175,4,6069,1507,485000
0,3.0,1,0.47,172,4,6018,1192,144900
0,4.0,2,3.52,172,4,6018,1452,250000
0,4.0,2,0.46,174,4,6039,1430,749000
0,3.0,1,6.03,182,4,6031,1744,640000
0,4.0,2,1.0,171,4,6058,1914,425000
0,2.0,2,0.45,182,4,6031,1410,785000
1,3.0,1,0.48,172,4,6018,1966,345000
0,4.0,1,6.44,174,4,6039,1309,2450000
1,4.0,1,1.3,174,4,6068,1412,925000
0,4.0,1,75.0,182,4,6031,1607,999999
1,3.0,2,0.58,172,4,6018,1904,215000
0,3.0,1,1.97,172,4,6018,1317,399000
0,3.0,2,3.6,175,4,6069,1811,325000
0,4.0,2,17.5,172,4,6018,1307,430000
0,1.0,1,0.8,172,4,6018,1199,684900
1,3.0,2,9.5,182,4,6031,1068,825000
1,5.0,2,2.62,171,4,6058,1874,875000
0,4.0,2,22.97,174,4,6039,1105,4995000
0,5.0,1,80.0,182,4,6031,1699,2200000
1,3.0,2,7.0,182,4,6031,1289,645000
0,1.0,2,15.46,174,4,6068,1071,625000
1,3.0,2,11.2,175,4,6069,1300,275000
0,3.0,1,31.08,175,4,6069,1964,2850000
0,1.0,2,9.24,174,4,6068,1275,2245000
0,1.0,2,5.17,174,4,6039,1842,2875000
0,4.0,1,0.07,171,4,6058,1483,122500
0,1.0,2,1.01,172,4,6018,1168,275000
0,2.0,2,0.23,172,4,6018,1360,288500
0,5.0,2,0.11,175,4,6069,1487,320000
0,2.0,2,0.57,182,4,6031,1649,369000
1,1.0,1,4.83,182,4,6031,1356,725000
0,1.0,1,0.23,174,4,6039,1080,595000
0,2.0,1,5.42,174,4,6039,1078,225000
1,1.0,1,28.0,174,4,6039,1629,4995000
1,5.0,1,1.46,174,4,6039,1117,2345000
0,5.0,2,2.6,172,4,6024,1619,479000
0,4.0,1,9.18,174,4,6039,1263,445500
1,3.0,2,0.36,174,4,6068,1585,585000
1,5.0,2,11.81,174,4,6068,1290,695000
0,2.0,2,14.6,174,4,6039,1733,625000
0,3.0,2,23.0,172,4,6024,1557,230000
1,1.0,1,1.33,172,4,6024,1650,260000
0,2.0,1,1.3,175,4,6069,1284,850000
0,5.0,2,2.07,174,4,6039,1134,825000
1,4.0,1,0.39,174,4,6068,1759,695000
0,3.0,1,41.0,182,4,6031,1500,995000
1,3.0,1,5.37,174,4,6068,1187,2695000
1,1.0,2,6.09,174,4,6068,1469,1795000
0,1.0,1,0.36,151,4,6066,1357,144900
0,1.0,2,0.38,150,4,6016,1201,289900
1,3.0,1,2.05,164,4,6042,1260,245000
1,3.0,2,0.87,151,4,6066,1962,299900
0,4.0,1,0.59,155,4,6074,1788,172500
1,2.0,2,0.92,154,4,6029,1186,349900
1,5.0,1,0.69,201,4,6076,1793,300000
0,2.0,1,0.26,154,4,6029,1376,248900
1,5.0,1,3.0,164,4,6042,1338,300000
0,1.0,2,6.74,201,4,6076,1908,100000
0,1.0,2,17.04,154,4,6029,1118,199000
1,5.0,1,1.63,164,4,6042,1166,225000
0,1.0,1,3.57,155,4,6074,1865,54900
0,4.0,2,2.02,155,4,6074,1496,54900
0,3.0,2,40.55,151,4,6066,1194,2900000
1,1.0,2,5.88,149,4,6071,1156,89900
0,4.0,1,11.87,150,4,6016,1699,269900
1,5.0,2,49.5,154,4,6029,1122,325000
0,3.0,1,150.59,201,4,6076,1523,799900
0,5.0,1,8.8,154,4,6029,1605,154900
1,3.0,1,1.05,154,4,6029,1481,134500
1,5.0,1,0.9,148,4,6082,1357,449900
0,1.0,2,0.4,148,4,6082,1018,479900
0,3.0,1,1.96,148,4,6082,1545,484900
0,2.0,1,1.14,149,4,6071,1000,75000
1,3.0,1,1.32,153,4,6029,1710,110000
1,5.0,2,2.9,148,4,6082,1873,54900
0,5.0,2,1.0,150,4,6016,1448,489900
1,1.0,2,1.51,148,4,6082,1776,459900
0,4.0,1,1.34,148,4,6082,1369,459900
1,4.0,1,0.86,148,4,6082,1080,469900
0,4.0,1,0.68,148,4,6082,1885,469900
1,3.0,2,0.52,148,4,6082,1107,469900
1,1.0,2,1.23,148,4,6082,1437,469900
1,4.0,2,0.68,148,4,6082,1109,474900
0,5.0,2,1.6,148,4,6082,1688,479900
0,5.0,1,1.39,154,4,6029,1878,99900
0,1.0,2,62.0,148,4,6082,1980,1975000
1,3.0,1,0.71,150,4,6016,1673,439900
0,3.0,2,3.4,149,4,6071,1226,149900
0,1.0,1,0.45,149,4,6071,1724,385000
1,4.0,1,4.02,154,4,6029,1727,75000
0,4.0,1,6.7,150,4,6016,1215,229900
1,4.0,2,1.27,151,4,6066,1447,75000
1,1.0,1,0.48,154,4,6029,1555,219900
0,5.0,1,2.5,148,4,6082,1563,160000
0,3.0,2,0.16,151,4,6066,1743,229000
0,4.0,1,0.39,148,4,6082,1601,249900
1,3.0,1,2.42,149,4,6071,1608,580000
1,2.0,2,1.33,148,4,6082,1931,469900
0,3.0,2,0.28,151,4,6066,1607,165000
1,2.0,1,0.32,154,4,6029,1652,136000
0,2.0,1,0.34,151,4,6066,1033,179900
1,5.0,2,0.31,164,4,6042,1330,250000
0,5.0,2,4.42,153,4,6084,1849,498000
1,5.0,2,10.7,201,4,6076,1963,199900
0,2.0,1,14.0,164,4,6042,1743,185000
0,1.0,2,1.79,148,4,6082,1352,469900
0,1.0,1,2.45,164,4,6042,1370,159900
0,5.0,2,1.02,149,4,6071,1992,89900
1,5.0,1,1.37,149,4,6071,1517,379575
0,2.0,2,0.34,151,4,6066,1912,50000
0,3.0,1,1.26,164,4,6042,1760,325000
0,1.0,2,70.8,149,4,6071,1646,324900
0,2.0,2,2.75,201,4,6076,1740,39500
0,1.0,1,1.67,149,4,6071,1741,37500
0,5.0,2,2.96,149,4,6071,1529,89900
1,1.0,1,1.28,154,4,6029,1494,124900
1,4.0,1,0.26,151,4,6066,1685,275000
1,3.0,1,0.97,151,4,6066,1539,129900
0,1.0,2,0.17,154,4,6029,1826,185000
0,4.0,2,0.9,150,4,6088,1551,159900
1,5.0,1,3.2,150,4,6016,1502,799900
1,5.0,2,0.62,150,4,6016,1165,249900
0,4.0,2,0.18,151,4,6066,1372,186829
0,1.0,1,0.3,148,4,6082,1560,294900
0,4.0,2,0.1,154,4,6029,1222,389900
0,5.0,2,0.67,148,4,6082,1378,279900
0,3.0,1,10.7,153,4,6084,1706,139900
1,4.0,2,2.45,148,4,6082,1156,74900
0,1.0,1,1.09,149,4,6071,1570,385000
0,2.0,1,0.95,149,4,6071,1816,385000
1,5.0,2,1.27,149,4,6071,1200,94900
0,4.0,2,1.17,149,4,6071,1413,119900
0,4.0,2,0.96,154,4,6029,1393,127500
0,4.0,2,1.1,155,4,6074,1179,239900
0,1.0,2,0.28,148,4,6082,1549,165000
1,1.0,1,0.26,164,4,6042,1982,140000
1,5.0,1,2.26,153,4,6084,1137,675000
0,5.0,2,0.26,148,4,6082,1626,299900
1,2.0,1,0.69,154,4,6029,1272,294999
1,2.0,2,0.45,148,4,6082,1600,34900
1,3.0,1,0.24,148,4,6082,1013,214900
0,1.0,2,1.29,149,4,6071,1098,59900
0,5.0,2,0.66,155,4,6074,1228,550000
0,4.0,1,0.15,164,4,6042,1102,109900
1,3.0,1,11.81,154,4,6029,1798,2850000
1,4.0,1,1.46,149,4,6071,1520,265000
1,1.0,1,1.6,149,4,6071,1803,779000
0,4.0,2,0.69,151,4,6066,1708,260000
0,2.0,2,0.51,164,4,6042,1240,249500
0,2.0,1,1.09,151,4,6066,1527,424900
0,3.0,2,0.37,148,4,6082,1605,49900
0,3.0,1,0.28,151,4,6066,1822,219900
0,5.0,1,0.45,155,4,6074,1925,259900
1,4.0,1,2.0,201,4,6076,1152,269900
0,1.0,2,0.15,148,4,6082,1302,269900
0,1.0,2,0.46,151,4,6066,1649,294900
0,2.0,1,0.69,154,4,6029,1320,275000
0,1.0,1,43.54,210,4,6076,1177,549900
0,3.0,1,2.02,211,5,2830,1050,350000
1,1.0,1,0.21,212,5,2895,1159,399000
1,5.0,1,0.09,213,5,2896,1121,329000
0,2.0,1,0.53,211,5,2830,1148,399000
0,5.0,2,0.49,212,5,2895,1673,159900
1,5.0,2,0.25,213,5,2896,1678,399000
1,2.0,2,0.12,212,5,2895,1889,450000
0,2.0,2,0.21,213,5,2896,1618,299900
0,5.0,1,0.12,212,5,2895,1856,215000
1,1.0,1,0.1,212,5,2895,1792,155000
1,1.0,2,0.11,212,5,2895,1365,219900
0,5.0,2,2.02,211,5,2830,1752,339000
0,3.0,1,0.59,211,5,2859,1179,265000
1,3.0,2,4.02,211,5,2859,1728,349000
0,5.0,1,0.26,213,5,2896,1842,289900
1,4.0,2,0.15,212,5,2895,1859,239900
1,1.0,1,0.3,212,5,2895,1938,445000
0,5.0,1,0.54,212,5,2895,1388,154900
1,5.0,2,8.5,211,5,2830,1373,1200000
0,1.0,1,0.12,212,5,2895,1084,450000
0,1.0,2,0.39,212,5,2895,1071,299900
1,4.0,1,0.24,212,5,2895,1482,450000
1,1.0,2,0.13,212,5,2895,1540,399000
0,2.0,2,0.17,212,5,2895,1896,465000
0,3.0,2,0.17,212,5,2895,1935,460000
1,3.0,1,0.08,212,5,2895,1290,359000
1,4.0,1,0.25,212,5,2895,1335,369900
0,3.0,1,0.24,212,5,2895,1373,279900
0,3.0,1,0.12,212,5,2895,1031,399900
0,5.0,2,0.24,212,5,2895,1174,279900
0,1.0,1,2.06,211,5,2859,1460,289000
1,2.0,1,0.11,212,5,2895,1434,225000
0,5.0,2,0.46,211,5,2859,1173,199900
0,1.0,2,0.28,212,5,2895,1389,295900
0,1.0,1,1.49,212,5,2895,1872,175000
0,3.0,2,0.6,212,5,2895,1074,409000
0,4.0,2,0.14,211,5,2858,1914,610000
0,4.0,2,0.59,213,5,2896,1237,524900
0,3.0,1,0.27,212,5,2895,1694,280000
1,2.0,1,17.38,213,5,2896,1856,375000
1,3.0,2,0.18,213,5,2896,1569,449900
0,2.0,2,0.33,212,5,2895,1012,339900
1,5.0,2,0.18,212,5,2895,1861,319900
1,4.0,1,0.1,212,5,2895,1640,348888
0,5.0,1,0.14,212,5,2895,1309,349000
1,2.0,2,0.11,213,5,2896,1889,499900
1,5.0,2,1.63,213,5,2896,1970,720000
1,5.0,1,1.44,212,5,2895,1426,184900
0,3.0,2,0.11,213,5,2896,1483,399000
0,4.0,2,0.48,213,5,2896,1719,599900
0,5.0,2,0.16,212,5,2895,1102,389900
1,5.0,1,0.18,212,5,2895,1763,399999
0,3.0,1,0.19,212,5,2895,1849,419000
0,2.0,2,1.27,211,5,2830,1934,184500
0,2.0,2,0.16,212,5,2895,1736,398000
1,1.0,1,0.23,212,5,2895,1858,239900
1,5.0,1,1.18,213,5,2896,1696,275000
0,3.0,2,2.1,211,5,2859,1698,599000
0,4.0,2,38.0,211,5,2830,1851,499000
0,4.0,2,0.23,212,5,2895,1892,339900
0,1.0,1,0.15,212,5,2895,1936,279000
0,1.0,1,1.53,212,5,2895,1297,199900
0,4.0,1,0.15,212,5,2895,1525,425000
1,3.0,2,0.46,211,5,2839,1393,420000
1,3.0,2,0.26,212,5,2895,1508,324900
1,1.0,2,0.09,212,5,2895,1191,425000
0,5.0,2,0.36,212,5,2895,1434,250000
0,4.0,2,0.18,212,5,2895,1858,219900
1,5.0,2,0.11,212,5,2895,1373,269900
0,4.0,1,0.22,213,5,2896,1197,339000
1,2.0,2,0.24,212,5,2895,1034,349900
0,5.0,2,0.11,212,5,2895,1165,425000
1,3.0,1,0.13,212,5,2895,1024,50000
1,1.0,1,0.11,212,5,2895,1135,239999
0,1.0,2,0.12,212,5,2895,1533,189900
1,3.0,1,0.08,212,5,2895,1007,410000
0,2.0,1,0.12,212,5,2895,1277,299900
1,4.0,2,0.11,212,5,2895,1106,349900
0,5.0,2,0.17,212,5,2895,1094,325000
0,3.0,2,0.14,211,5,2859,1417,239900
0,3.0,1,1.57,213,5,2896,1254,285000
1,1.0,2,0.37,212,5,2895,1991,449999
1,2.0,1,0.51,211,5,2859,1278,549900
0,5.0,1,0.24,212,5,2895,1836,365000
1,5.0,1,0.04,212,5,2895,1972,270000
0,5.0,2,0.12,212,5,2895,1651,330000
1,1.0,2,0.01,212,5,2895,1240,190000
1,1.0,1,0.67,212,5,2895,1190,225000
0,4.0,1,0.23,213,5,2896,1220,399900
0,2.0,1,0.18,212,5,2895,1581,279900
1,1.0,2,0.21,212,5,2895,1023,329900
0,1.0,2,0.54,211,5,2830,1028,479900
0,5.0,1,0.94,213,5,2896,1094,475000
0,3.0,2,0.7,211,5,2830,1668,532900
0,4.0,2,0.37,212,5,2895,1340,149900
0,4.0,2,1.75,213,5,2896,1447,459900
1,2.0,2,2.0,211,5,2830,1539,449900
0,5.0,1,0.11,212,5,2895,1075,325000
0,5.0,1,0.11,212,5,2895,1636,299900
0,4.0,2,1.89,211,5,2859,1366,995000
0,1.0,2,0.22,212,5,2895,1776,299900
0,2.0,2,1.16,213,5,2896,1553,535000
1,3.0,1,0.1,212,5,2895,1003,269994
0,5.0,2,0.09,212,5,2895,1258,339900
1,4.0,1,0.12,212,5,2895,1908,325000
0,3.0,2,0.13,212,5,2895,1074,419900
0,1.0,2,0.77,213,5,2896,1640,409999
0,3.0,2,2.9,211,5,2830,1092,469900
1,1.0,2,0.8,212,5,2895,1152,239900
0,5.0,1,0.51,212,5,2895,1924,235000
1,2.0,1,0.25,211,5,2859,1970,275000
1,5.0,1,1.48,213,5,2896,1083,415000
1,1.0,1,0.15,211,5,2859,1794,279900
0,2.0,2,1.99,211,5,2859,1951,489900
0,5.0,1,0.66,211,5,2859,1331,299900
1,1.0,2,1.5,212,5,2895,1546,224900
1,5.0,2,0.28,211,5,2830,1228,375000
0,5.0,2,4.06,213,5,2896,1453,649900
1,1.0,2,0.24,213,5,2896,1898,399000
0,3.0,1,0.13,212,5,2895,1293,319000
1,5.0,2,0.11,212,5,2895,1346,449000
0,2.0,2,1.49,213,5,2896,1255,550000
0,5.0,2,4.54,213,5,2896,1450,320000
1,2.0,2,0.15,212,5,2895,1883,475000
0,1.0,1,0.21,213,5,2896,1855,519900
0,2.0,1,0.17,212,5,2895,1339,177500
1,4.0,2,0.38,213,5,2896,1978,399900
0,2.0,1,0.16,212,5,2895,1012,319900
0,1.0,1,0.22,212,5,2895,1935,324900
0,5.0,2,0.18,212,5,2895,1490,650000
1,4.0,1,0.94,213,5,2896,1418,340000
1,1.0,2,0.14,212,5,2895,1797,325000
1,1.0,2,1.16,211,5,2858,1990,599000
1,5.0,2,1.1,214,5,2814,1892,299900
1,2.0,1,0.59,211,5,2859,1442,265000
0,1.0,2,0.46,211,5,2859,1984,199900
1,1.0,2,3.71,214,5,2814,1752,495000
0,4.0,1,0.54,214,5,2814,1180,225000
0,2.0,1,2.1,211,5,2859,1505,599000
1,4.0,2,0.46,214,5,2814,1786,469900
1,3.0,2,0.59,214,5,2814,1942,349999
0,1.0,2,4.06,214,5,2814,1501,375000
0,4.0,2,1.2,214,5,2814,1551,349900
1,5.0,2,1.89,211,5,2859,1571,995000
0,1.0,1,0.66,211,5,2859,1809,299900
0,5.0,2,0.15,211,5,2859,1044,279900
0,2.0,2,0.38,211,5,2859,1579,699000
0,5.0,1,0.05,215,5,2909,1418,150000
0,5.0,2,0.14,216,5,2888,1901,309900
1,3.0,2,0.48,217,5,2921,1326,699900
0,4.0,2,0.07,215,5,2905,1747,319900
0,5.0,2,0.36,218,5,2914,1960,259900
1,2.0,2,0.21,218,5,2915,1434,289900
0,1.0,2,0.33,219,5,2911,1364,471977
0,3.0,2,0.15,220,5,2919,1808,250000
1,4.0,2,0.46,221,5,2838,1991,335411
1,4.0,1,0.12,212,5,2895,1150,450000
1,1.0,1,0.91,222,5,2852,1280,1075000
0,3.0,2,0.08,223,5,2893,1579,249900
0,2.0,2,5.24,214,5,2857,1921,1250000
0,2.0,1,0.11,224,5,2861,1221,369900
0,1.0,1,0.86,225,5,2831,1917,429900
0,2.0,2,0.09,226,5,2864,1626,349900
0,3.0,2,0.74,168,5,2842,1954,825000
0,4.0,1,0.23,168,5,2842,1798,699999
0,4.0,2,0.46,211,5,2859,1198,1100000
0,4.0,1,2.02,211,5,2830,1282,339000
1,5.0,2,8.5,211,5,2830,1515,1200000
1,4.0,2,4.02,211,5,2859,1929,349000
1,4.0,1,0.59,211,5,2859,1046,265000
0,4.0,1,2.06,211,5,2859,1342,289000
0,5.0,1,0.22,211,5,2859,1120,345000
0,4.0,1,0.46,211,5,2859,1398,199900
0,3.0,2,3.71,214,5,2814,1868,495000
1,3.0,2,0.67,211,5,2859,1634,399900
0,2.0,2,2.1,211,5,2859,1335,599000
0,1.0,2,1.54,211,5,2830,1017,184500
1,4.0,1,1.48,211,5,2859,1574,239900
1,1.0,1,38.0,211,5,2830,1185,499000
0,5.0,2,0.7,211,5,2830,1528,532900
1,2.0,2,0.59,214,5,2814,1245,349999
0,5.0,2,0.51,211,5,2859,1668,549900
0,3.0,1,0.21,211,5,2859,1662,449000
1,3.0,1,2.0,211,5,2830,1311,449900
0,4.0,1,1.2,214,5,2814,1500,349900
0,2.0,2,1.89,211,5,2859,1093,995000
1,5.0,2,1.99,211,5,2859,1547,489900
1,2.0,2,0.28,211,5,2830,1375,375000
1,1.0,1,0.25,211,5,2859,1121,275000
1,5.0,1,0.66,211,5,2859,1977,299900
1,5.0,1,0.15,211,5,2859,1300,279900
0,1.0,2,1.16,211,5,2858,1535,599000
0,3.0,2,0.38,211,5,2859,1336,699000
1,4.0,2,2.02,211,5,2830,1566,350000
0,2.0,1,0.53,211,5,2830,1653,399000
0,1.0,2,0.21,213,5,2896,1518,299900
1,5.0,1,0.12,212,5,2895,1602,215000
1,4.0,2,0.5,226,5,2864,1191,444999
0,2.0,2,0.26,213,5,2896,1950,289900
0,3.0,1,10.43,226,5,2864,1335,879900
1,3.0,2,0.63,226,5,2864,1019,380000
0,4.0,1,3.66,212,5,2895,1094,249900
0,3.0,2,0.09,212,5,2895,1424,49900
0,1.0,2,1.85,213,5,2896,1408,149900
0,5.0,2,1.74,213,5,2896,1581,149900
1,5.0,2,0.11,212,5,2895,1980,359900
0,1.0,2,0.12,212,5,2895,1185,354900
1,2.0,2,0.1,212,5,2895,1614,155000
0,1.0,1,0.73,212,5,2895,1916,400000
1,2.0,2,0.11,212,5,2895,1962,219900
1,2.0,2,0.19,212,5,2895,1773,329900
1,5.0,2,0.97,212,5,2895,1006,154900
0,2.0,1,1.63,226,5,2864,1484,209999
0,1.0,2,0.12,212,5,2895,1077,450000
1,1.0,1,0.22,221,5,2838,1677,359900
0,5.0,1,0.39,212,5,2895,1519,299900
1,1.0,1,0.54,212,5,2895,1992,175000
0,1.0,1,0.6,221,5,2865,1784,939900
0,5.0,2,0.11,226,5,2864,1014,115000
0,1.0,2,0.26,221,5,2865,1307,569900
1,2.0,2,0.41,226,5,2864,1514,715000
1,2.0,1,0.33,212,5,2895,1356,339900
0,3.0,1,0.11,212,5,2895,1135,225000
0,4.0,1,0.59,221,5,2865,1274,339900
0,5.0,1,1.87,221,5,2838,1813,184900
0,3.0,2,0.28,212,5,2895,1838,295900
0,3.0,1,0.19,212,5,2895,1197,242500
0,5.0,2,0.6,212,5,2895,1558,409000
0,2.0,2,0.59,213,5,2896,1712,524900
1,4.0,2,1.21,212,5,2895,1740,299900
0,3.0,2,0.05,226,5,2864,1408,360000
0,4.0,1,0.52,226,5,2864,1199,480000
1,3.0,2,0.21,226,5,2864,1827,339900
1,5.0,2,0.18,213,5,2896,1158,449900
0,4.0,1,0.45,226,5,2864,1678,599900
0,5.0,2,0.14,212,5,2895,1871,349000
0,2.0,2,0.35,212,5,2895,1849,435000
0,5.0,2,0.16,212,5,2895,1325,339900
0,1.0,1,0.48,213,5,2896,1612,599900
1,4.0,2,0.16,212,5,2895,1464,389900
1,4.0,2,0.19,212,5,2895,1443,419000
0,4.0,1,1.32,226,5,2864,1879,249900
1,2.0,2,0.18,226,5,2864,1332,299900
1,4.0,2,0.31,226,5,2864,1670,269000
0,4.0,1,17.38,213,5,2896,1268,375000
0,5.0,2,0.27,212,5,2895,1261,280000
0,3.0,2,0.99,226,5,2864,1927,599000
1,2.0,2,0.11,213,5,2896,1031,499900
0,4.0,1,1.63,213,5,2896,1360,720000
0,3.0,1,0.1,212,5,2895,1666,348888
0,5.0,2,1.35,221,5,2838,1596,190000
0,1.0,1,0.39,226,5,2864,1089,429900
0,1.0,2,0.23,212,5,2895,1428,399900
1,1.0,2,0.18,212,5,2895,1470,319900
1,4.0,1,0.11,213,5,2896,1726,399000
1,3.0,1,0.23,226,5,2864,1792,439900
0,1.0,2,0.45,212,5,2895,1466,184900
0,2.0,2,0.28,226,5,2864,1733,375000
0,3.0,1,0.18,212,5,2895,1649,399999
0,4.0,1,0.44,212,5,2895,1581,189900
1,4.0,1,0.38,226,5,2864,1752,449900
1,3.0,1,0.23,226,5,2864,1433,389000
0,3.0,2,0.23,212,5,2895,1386,239900
0,4.0,2,0.16,212,5,2895,1785,398000
0,2.0,2,0.15,212,5,2895,1298,279000
0,4.0,1,0.23,212,5,2895,1958,339900
1,4.0,1,1.9,226,5,2864,1451,329900
1,3.0,1,0.5,212,5,2895,1004,199900
0,2.0,1,1.66,226,5,2864,1852,289000
0,4.0,1,0.11,212,5,2895,1304,239999
0,2.0,2,0.11,212,5,2895,1774,269900
1,4.0,1,0.26,212,5,2895,1019,324900
0,2.0,1,0.36,212,5,2895,1681,250000
1,5.0,2,0.24,212,5,2895,1133,349900
0,5.0,1,0.11,212,5,2895,1662,425000
0,2.0,1,0.96,212,5,2895,1643,219900
0,2.0,1,0.15,212,5,2895,1110,425000
1,2.0,2,0.12,212,5,2895,1099,299900
1,5.0,1,0.18,213,5,2896,1519,275000
0,3.0,2,1.28,221,5,2838,1655,190000
0,5.0,2,0.11,212,5,2895,1185,339900
1,2.0,1,0.25,212,5,2895,1620,369900
0,2.0,2,0.24,212,5,2895,1608,365000
0,5.0,1,0.32,221,5,2838,1704,215000
0,4.0,1,0.09,212,5,2895,1820,425000
0,3.0,2,0.1,226,5,2864,1115,315000
0,2.0,1,0.16,212,5,2895,1480,349000
0,4.0,2,0.13,212,5,2895,1992,50000
0,1.0,1,1.83,226,5,2864,1574,415000
0,1.0,2,0.08,212,5,2895,1250,410000
1,5.0,2,0.11,212,5,2895,1876,349900
1,3.0,1,0.17,212,5,2895,1397,325000
0,5.0,1,1.51,213,5,2896,1528,285000
0,2.0,1,0.12,212,5,2895,1888,330000
0,5.0,2,0.01,212,5,2895,1201,190000
0,3.0,1,0.23,213,5,2896,1939,399900
0,1.0,2,0.89,212,5,2895,1707,149900
0,5.0,1,0.4,212,5,2895,1806,379000
1,3.0,2,0.14,226,5,2864,1047,375000
0,1.0,2,0.21,212,5,2895,1491,329900
0,5.0,2,1.78,213,5,2896,1856,459900
1,3.0,1,0.04,212,5,2895,1507,270000
0,5.0,1,1.5,226,5,2864,1971,154900
0,1.0,1,0.55,212,5,2895,1401,225000
0,3.0,1,0.37,212,5,2895,1755,449999
0,4.0,1,0.18,212,5,2895,1151,279900
1,1.0,1,0.12,212,5,2895,1387,325000
0,3.0,1,0.22,212,5,2895,1310,299900
0,1.0,1,0.94,213,5,2896,1661,475000
1,4.0,2,0.6,226,5,2864,1687,574900
0,4.0,2,0.11,226,5,2864,1546,449000
0,3.0,2,0.12,212,5,2895,1166,139000
0,5.0,2,1.16,213,5,2896,1301,535000
0,4.0,2,0.11,212,5,2895,1259,310000
1,4.0,1,0.18,212,5,2895,1127,220000
0,3.0,1,0.1,212,5,2895,1819,269994
1,5.0,2,0.21,212,5,2895,1744,375000
1,2.0,1,0.11,212,5,2895,1157,325000
1,1.0,1,0.29,226,5,2864,1222,285000
0,5.0,1,0.14,212,5,2895,2835,389900
1,5.0,1,0.13,212,5,2895,1824,419900
0,4.0,2,0.11,212,5,2895,1459,425000
1,1.0,2,0.11,212,5,2895,1661,299000
1,4.0,2,0.11,212,5,2895,1140,299900
0,3.0,1,0.33,226,5,2864,1608,275000
0,4.0,1,0.09,212,5,2895,1974,339900
1,1.0,2,0.77,213,5,2896,1860,409999
0,2.0,1,1.34,212,5,2895,1090,224900
0,5.0,2,0.12,212,5,2895,1914,259900
0,4.0,2,0.31,221,5,2802,1306,449900
1,1.0,2,0.24,212,5,2895,1117,239900
0,2.0,1,1.48,213,5,2896,1650,415000
1,1.0,1,0.53,213,5,2896,1063,349900
0,3.0,2,0.11,212,5,2895,1276,350000
0,4.0,1,0.57,226,5,2864,1345,499900
1,2.0,1,0.11,212,5,2895,1388,449000
0,2.0,1,0.11,212,5,2895,1067,425000
0,1.0,2,4.54,213,5,2896,1300,320000
0,3.0,1,0.13,212,5,2895,1218,319000
0,2.0,2,1.49,213,5,2896,1455,550000
1,3.0,2,0.11,212,5,2895,1677,399828
1,1.0,1,0.91,221,5,2865,1156,600000
0,2.0,2,1.21,221,5,2865,1918,600000
0,4.0,2,6.29,212,5,2895,1737,800000
0,4.0,1,0.51,212,5,2895,1991,235000
0,4.0,2,0.26,212,5,2895,1346,319999
0,4.0,1,4.06,213,5,2896,1034,649900
1,1.0,1,0.24,213,5,2896,1750,399000
0,5.0,2,0.15,212,5,2895,1556,475000
0,1.0,2,0.19,212,5,2895,1686,339900
0,4.0,2,0.81,213,5,2896,1830,519900
1,3.0,2,0.34,226,5,2864,1325,499900
0,1.0,2,0.51,221,5,2865,1140,590000
0,4.0,2,0.35,221,5,2865,1513,590000
0,2.0,1,0.26,221,5,2865,1088,590000
0,2.0,1,1.21,221,5,2865,1377,590000
1,5.0,2,1.44,221,5,2865,1487,590000
1,3.0,1,1.28,221,5,2865,1301,590000
0,4.0,1,1.67,221,5,2865,1078,600000
1,5.0,1,1.16,221,5,2865,1327,600000
0,4.0,2,1.66,221,5,2865,1056,595000
1,1.0,2,0.38,213,5,2896,1574,399900
0,5.0,2,0.14,212,5,2895,1486,249900
0,3.0,2,0.17,212,5,2895,1515,177500
0,3.0,1,0.16,212,5,2895,1415,319900
0,5.0,2,1.0,226,5,2864,1248,499000
0,3.0,1,2.02,226,5,2864,1026,549000
1,4.0,2,0.92,221,5,2838,1507,395000
1,4.0,1,15.02,226,5,2864,1090,1495900
0,2.0,1,0.08,221,5,2838,1251,299900
0,2.0,2,0.22,212,5,2895,1835,324900
0,2.0,2,0.94,213,5,2896,1567,340000
0,1.0,2,0.12,212,5,2895,1975,269900
1,4.0,1,0.18,212,5,2895,1382,650000
1,2.0,1,0.16,221,5,2838,1674,439900
1,4.0,1,0.19,212,5,2895,1907,339900
0,3.0,1,1.04,221,5,2865,1701,214900
0,3.0,1,0.14,212,5,2895,1045,325000
0,2.0,1,0.55,212,5,2895,1222,555500
0,1.0,1,0.37,226,5,2864,1976,350000
0,1.0,2,0.33,212,5,2895,1786,159900
0,1.0,2,1.91,226,5,2864,1954,229000
0,5.0,1,0.11,215,5,2908,1909,139900
1,1.0,1,0.29,152,5,2816,1696,359000
1,3.0,2,0.28,227,5,2806,1125,449900
0,5.0,1,0.11,215,5,2905,1879,159900
1,2.0,2,0.5,228,5,2917,1895,187500
0,3.0,2,0.07,220,5,2919,1628,205000
0,2.0,1,0.07,215,5,2905,1996,239900
1,2.0,2,0.12,215,5,2909,1466,249900
1,2.0,1,0.1,217,5,2910,1478,230000
1,5.0,2,0.11,224,5,2860,1367,187000
0,5.0,2,0.36,217,5,2920,1694,299900
0,2.0,2,0.06,215,5,2909,1931,240000
1,2.0,1,0.1,215,5,2904,1032,175000
0,5.0,1,1.84,152,5,2816,1558,149900
0,1.0,2,0.14,223,5,2893,1184,199900
1,2.0,1,0.07,216,5,2889,1544,245000
0,1.0,1,0.09,215,5,2905,1520,239900
0,1.0,1,0.09,215,5,2907,1610,250000
1,4.0,1,0.21,213,5,2896,1629,299900
0,1.0,2,0.3,215,5,2906,1506,179900
0,3.0,2,0.1,217,5,2905,1130,245000
0,4.0,1,0.11,226,5,2864,1598,274900
0,2.0,2,0.12,215,5,2906,1992,325000
0,4.0,2,0.12,212,5,2895,1429,215000
1,3.0,1,57.4,229,5,2817,1922,199900
0,5.0,1,0.05,215,5,2908,1549,459900
0,3.0,1,0.11,220,5,2919,1287,259900
0,2.0,1,0.16,187,5,2885,1660,449900
0,4.0,1,0.08,215,5,2910,1577,305000
0,1.0,1,0.16,215,5,2909,1846,339900
0,2.0,1,1.74,213,5,2896,1980,149900
0,2.0,2,3.55,152,5,2816,1628,135000
1,5.0,2,1.6,152,5,2816,1592,289000
1,3.0,2,0.08,215,5,2908,1333,399900
0,3.0,1,0.3,217,5,2921,3742,569000
0,1.0,2,0.14,224,5,2860,1832,660000
1,4.0,1,0.14,224,5,2861,1648,399000
0,1.0,1,0.18,215,5,2904,1627,279900
0,4.0,1,0.16,218,5,2914,1171,315000
0,2.0,2,6.67,225,5,2857,1872,90000
0,5.0,2,0.21,223,5,2893,1548,305000
0,2.0,1,0.09,215,5,2909,1401,469900
0,1.0,1,2.03,229,5,2817,1559,450000
0,2.0,1,0.21,228,5,2828,1399,339000
0,5.0,2,0.09,215,5,2908,1533,79900
0,1.0,2,1.28,228,5,2917,1271,175000
1,4.0,1,138.0,230,5,2825,1280,695000
0,3.0,1,1.01,152,5,2816,1386,364900
0,4.0,2,0.55,152,5,2816,1905,364900
0,1.0,2,0.38,152,5,2816,1298,339900
0,3.0,2,0.9,152,5,2816,1566,364900
1,1.0,2,1.2,227,5,2806,1825,1695000
1,4.0,1,0.89,152,5,2816,1586,319900
0,5.0,1,0.9,152,5,2816,1897,339900
0,3.0,2,0.88,152,5,2816,1569,339900
1,3.0,2,1.6,152,5,2816,1500,339900
0,4.0,1,75.5,231,5,2892,1121,2100000
0,4.0,1,0.63,152,5,2816,1226,319900
0,1.0,1,0.51,220,5,2919,1766,250000
1,1.0,1,0.47,219,5,2904,1373,241000
0,1.0,1,0.07,216,5,2889,1996,214900
0,5.0,2,0.11,216,5,2888,1027,255000
0,2.0,1,0.64,219,5,2904,1158,219900
1,1.0,1,1.83,217,5,2910,1411,130000
1,3.0,1,0.08,215,5,2909,1989,269900
0,2.0,2,0.09,212,5,2895,1724,49900
0,3.0,1,0.13,215,5,2909,1830,125000
0,3.0,1,3.66,212,5,2895,1513,249900
0,2.0,1,0.18,224,5,2861,1150,450000
1,4.0,1,0.09,215,5,2908,1420,190000
0,4.0,2,0.46,211,5,2859,1460,1100000
0,3.0,2,0.63,226,5,2864,1772,380000
0,1.0,2,0.99,216,5,2889,1623,179000
1,5.0,1,0.47,223,5,2893,1960,279900
0,2.0,2,0.99,222,5,2852,1404,382500
0,1.0,2,0.17,217,5,2920,1077,270000
1,4.0,1,0.09,224,5,2860,1127,299900
0,1.0,2,0.24,223,5,2893,1783,359900
0,1.0,2,0.19,219,5,2904,1729,320000
0,1.0,1,0.46,222,5,2874,1854,849900
0,2.0,1,0.16,232,5,2863,1332,352900
0,5.0,2,0.11,215,5,2906,1354,975000
0,4.0,2,0.5,233,5,2818,1018,499900
0,1.0,2,0.23,222,5,2852,1721,164900
0,3.0,1,4.85,217,5,2921,1124,795000
1,4.0,1,0.62,168,5,2842,1766,575000
0,2.0,2,0.12,226,5,2864,1451,320000
0,2.0,1,1.0,233,5,2818,1950,1100000
0,3.0,2,0.27,152,5,2816,1801,349900
0,4.0,2,1.82,152,5,2816,1408,349900
0,3.0,2,0.51,152,5,2816,1573,349900
1,4.0,1,0.59,234,5,2832,1720,200000
0,5.0,1,2.1,152,5,2816,1850,309900
1,2.0,1,0.09,215,5,2907,1123,164999
0,4.0,2,0.28,187,5,2885,1207,299999
0,4.0,2,10.43,226,5,2864,1790,879900
1,1.0,1,3.37,215,5,2906,1064,3100000
1,1.0,2,0.5,226,5,2864,1387,444999
1,1.0,2,0.22,216,5,2886,1229,150000
0,2.0,1,0.23,217,5,2910,1373,325000
0,4.0,1,0.14,224,5,2861,1637,395000
0,4.0,2,1.85,213,5,2896,1633,149900
1,2.0,2,1.08,215,5,2903,1317,265000
0,5.0,2,1.1,216,5,2886,1236,474900
1,4.0,2,0.11,224,5,2860,1979,455000
0,1.0,1,1.87,228,5,2917,1816,199500
0,1.0,1,6.22,222,5,2852,1563,3500000
1,3.0,1,1.44,215,5,2903,1245,339000
0,1.0,1,1.54,152,5,2827,1904,225000
0,5.0,2,0.43,215,5,2903,1685,354000
1,4.0,1,2.83,216,5,2889,1619,799900
1,1.0,2,0.12,212,5,2895,1499,354900
0,2.0,1,17.07,235,5,2835,1942,4999000
0,4.0,1,1.43,225,5,2857,1142,388900
1,3.0,1,1.94,225,5,2857,1121,394900
0,1.0,2,1.56,225,5,2857,1851,392900
1,2.0,1,0.11,225,5,2857,1603,394900
0,1.0,1,0.35,225,5,2857,1071,398900
1,4.0,2,0.68,225,5,2857,1605,399900
1,4.0,1,1.19,225,5,2857,1439,432900
1,4.0,1,0.38,225,5,2857,1297,427900
1,4.0,2,0.16,219,5,2904,1824,210000
1,2.0,1,0.09,216,5,2889,1636,325000
0,1.0,1,0.07,215,5,2907,1649,175000
0,5.0,2,0.26,213,5,2896,1348,289900
1,5.0,2,0.31,217,5,2920,1192,399900
0,4.0,1,1.1,214,5,2814,1431,299900
0,4.0,2,2.04,234,5,2832,1135,995000
1,5.0,2,0.12,217,5,2920,1429,329900
0,1.0,2,0.62,224,5,2860,1010,199900
0,5.0,1,0.16,152,5,2816,1069,269900
1,1.0,1,0.25,220,5,2919,1453,309000
0,2.0,2,1.34,216,5,2886,1691,899900
1,3.0,1,1.03,236,5,2809,1001,1050000
1,5.0,1,0.15,224,5,2860,1051,210000
1,2.0,2,0.07,223,5,2893,1964,270000
1,3.0,1,0.13,215,5,2907,1411,549900
0,2.0,2,0.19,217,5,2920,1016,369900
0,1.0,1,0.11,217,5,2910,1136,290000
0,5.0,2,0.22,216,5,2889,1148,579800
0,3.0,1,0.36,225,5,2857,1226,125000
0,1.0,2,0.15,217,5,2920,1364,349900
0,1.0,2,0.11,212,5,2895,1327,359900
0,3.0,2,0.49,217,5,2921,1354,790721
0,4.0,1,0.34,229,5,2817,1705,179900
1,3.0,1,2.02,211,5,2830,1896,339000
1,5.0,1,0.15,217,5,2910,1446,269000
0,4.0,1,0.6,152,5,2816,1459,142000
1,4.0,1,0.17,224,5,2860,1160,249900
0,4.0,2,0.11,212,5,2895,1201,219900
0,2.0,1,0.33,219,5,2904,1206,165000
0,3.0,1,0.14,216,5,2888,1073,255000
0,2.0,2,0.34,216,5,2886,1808,255000
0,4.0,1,0.07,220,5,2919,1508,285000
0,2.0,1,1.78,216,5,2889,1071,2795000
0,2.0,2,0.15,224,5,2860,1325,565000
0,3.0,1,0.49,217,5,2920,1985,749900
0,3.0,1,10.6,217,5,2921,1256,1099000
0,3.0,1,0.2,223,5,2893,1775,475000
1,5.0,2,0.16,216,5,2888,1217,959000
1,3.0,1,0.33,215,5,2906,1729,2249000
1,1.0,1,0.09,215,5,2908,1118,415000
0,3.0,1,0.97,215,5,2906,1849,3250000
1,1.0,2,0.11,215,5,2909,1714,419900
0,2.0,2,0.27,222,5,2852,1074,164900
1,4.0,1,0.28,217,5,2910,1621,299000
0,1.0,2,0.97,215,5,2906,1705,3995000
0,3.0,1,0.23,215,5,2906,1575,1495000
0,2.0,2,0.32,227,5,2806,1838,1200000
0,3.0,2,0.49,225,5,2857,1546,327000
0,5.0,2,1.72,225,5,2857,1031,327000
1,4.0,1,1.88,225,5,2857,1660,327000
0,5.0,2,0.1,224,5,2861,1935,399900
0,2.0,2,3.77,228,5,2917,1785,1500000
1,1.0,1,0.1,216,5,2889,1427,139900
0,2.0,1,0.15,222,5,2852,1235,299900
0,3.0,2,1.38,217,5,2921,1515,429900
1,4.0,1,0.32,233,5,2818,1576,369000
0,4.0,1,0.1,224,5,2861,1317,225000
1,5.0,2,0.09,217,5,2920,1659,272000
0,1.0,1,5.75,230,5,2825,1909,359900
0,1.0,2,0.14,215,5,2908,1492,240000
1,1.0,1,0.07,215,5,2903,1710,499999
0,4.0,2,0.11,219,5,2904,1529,289000
1,1.0,1,0.35,220,5,2919,1900,299900
1,5.0,1,0.05,232,5,2863,1798,170000
0,2.0,2,0.05,219,5,2911,1212,254900
0,2.0,2,1.78,236,5,2809,1164,4300000
0,4.0,1,0.18,168,5,2842,1079,439000
0,5.0,2,0.16,216,5,2888,1229,959000
0,2.0,2,8.5,211,5,2830,1668,1200000
0,5.0,2,4.01,235,5,2835,1655,5500000
0,5.0,1,0.11,215,5,2909,1688,160000
0,4.0,2,0.24,224,5,2860,1334,350000
0,1.0,2,0.47,217,5,2921,1276,819900
0,4.0,1,0.12,216,5,2889,1542,599900
0,1.0,2,0.08,216,5,2888,1738,599900
0,2.0,2,1.0,226,5,2864,1365,355900
0,3.0,1,0.43,216,5,2889,1823,399900
0,3.0,1,0.0,215,5,2907,1511,290000
1,5.0,2,0.13,215,5,2909,1200,375000
0,3.0,1,0.1,215,5,2909,1648,599000
1,4.0,1,0.52,228,5,2828,1982,849900
1,4.0,1,0.08,212,5,2895,1372,359000
0,2.0,1,2.42,228,5,2917,1146,474900
0,1.0,1,0.11,216,5,2889,1464,429900
1,3.0,2,2.94,228,5,2917,1351,675000
0,2.0,1,3.69,228,5,2917,1289,1224900
0,4.0,1,0.54,214,5,2909,1473,39900
0,4.0,1,0.18,227,5,2806,1213,385000
0,1.0,1,0.1,217,5,2920,1370,165500
1,3.0,1,1.2,234,5,2832,1576,187000
0,1.0,1,0.45,152,5,2816,1067,190000
0,2.0,2,0.66,215,5,2908,1909,319900
1,1.0,1,0.55,220,5,2919,1049,675000
0,5.0,1,0.09,218,5,2914,1287,149900
0,2.0,2,0.35,152,5,2816,1663,251000
0,3.0,1,0.17,234,5,2832,1006,299000
0,2.0,1,0.02,215,5,2909,1086,279900
1,1.0,1,0.77,152,5,2816,1995,299900
1,1.0,2,0.07,215,5,2904,1036,255000
1,5.0,1,0.09,215,5,2907,1840,259000
0,2.0,2,0.16,222,5,2852,1869,405000
1,5.0,1,0.08,215,5,2910,1736,189900
0,3.0,2,0.09,215,5,2904,1906,469888
1,3.0,2,0.78,214,5,2829,1377,319900
1,1.0,1,1.73,227,5,2806,1939,849900
1,2.0,2,0.09,215,5,2905,1404,325000
1,4.0,1,4.25,228,5,2917,1454,225000
0,3.0,1,0.11,218,5,2914,1983,314000
1,5.0,2,0.59,217,5,2921,1374,819500
0,5.0,1,0.07,215,5,2905,1398,279000
1,2.0,1,0.3,212,5,2895,1384,445000
1,3.0,1,0.22,215,5,2908,1271,575000
0,5.0,2,0.24,212,5,2895,1411,450000
1,5.0,2,0.44,216,5,2886,1418,274900
1,5.0,2,8.61,225,5,2825,1027,259900
0,5.0,1,0.34,221,5,2865,1473,534900
0,4.0,2,0.09,215,5,2905,1777,329900
1,2.0,1,0.16,168,5,2842,1086,479000
1,5.0,2,0.17,212,5,2895,1128,460000
1,5.0,1,0.17,212,5,2895,1340,465000
0,4.0,1,0.09,232,5,2863,1779,390000
0,2.0,2,0.2,219,5,2904,1384,395000
1,5.0,2,0.21,217,5,2920,1159,575000
0,1.0,2,32.69,222,5,2852,1028,1050000
0,2.0,1,0.1,232,5,2863,1262,390000
0,2.0,2,0.11,226,5,2864,1228,369900
0,5.0,1,11.9,152,5,2816,1391,724900
0,2.0,2,0.09,215,5,2909,1394,425000
0,4.0,1,0.35,216,5,2818,1257,749900
0,2.0,1,1.92,221,5,2865,1333,595000
0,4.0,2,0.11,216,5,2889,1354,514900
0,4.0,2,0.14,220,5,2919,1459,184900
0,1.0,1,0.73,212,5,2895,1080,400000
0,3.0,1,1.64,224,5,2861,1002,300000
0,1.0,2,1.0,219,5,2904,1907,119000
1,3.0,2,0.17,223,5,2893,1709,199000
0,4.0,2,10.5,229,5,2817,1518,399900
0,4.0,1,0.87,223,5,2893,1919,309900
1,3.0,1,0.17,219,5,2911,1129,299900
0,3.0,1,0.35,216,5,2888,1234,699000
0,1.0,2,0.07,215,5,2905,1808,429900
1,2.0,1,1.62,225,5,2857,1556,145000
1,2.0,1,0.25,212,5,2895,1488,369900
1,1.0,2,0.09,215,5,2907,1837,340000
0,5.0,2,0.1,215,5,2907,1279,503000
0,2.0,2,0.08,215,5,2908,1709,419900
0,2.0,2,0.22,217,5,2920,1230,349900
0,5.0,1,0.22,212,5,2895,1783,289000
1,4.0,2,0.09,215,5,2907,1837,249900
0,1.0,1,1.84,215,5,2903,1624,340000
1,3.0,2,0.07,215,5,2904,1223,349900
0,4.0,1,2.33,235,5,2835,1466,3875000
1,4.0,1,0.07,215,5,2909,1097,399000
0,4.0,1,110.8,152,5,2827,1876,475000
0,1.0,2,0.06,215,5,2909,1174,599900
0,1.0,2,0.11,215,5,2907,1188,399900
1,1.0,1,0.08,216,5,2889,1967,125000
0,1.0,2,0.11,215,5,2909,1036,110000
0,5.0,2,0.1,212,5,2895,1689,155000
0,3.0,2,0.22,225,5,2831,1012,245000
1,5.0,1,0.27,215,5,2909,1506,299900
0,2.0,1,0.09,216,5,2889,1086,259500
0,1.0,2,0.11,215,5,2907,1193,345000
1,3.0,1,0.48,216,5,2889,1808,450000
0,5.0,2,0.13,215,5,2904,1829,259900
0,4.0,2,0.13,215,5,2907,1191,225000
0,5.0,2,0.19,212,5,2895,1898,329900
0,1.0,1,0.17,221,5,2865,1854,375000
0,3.0,1,1.5,221,5,2865,1192,649900
1,5.0,1,0.11,217,5,2920,1850,398000
0,2.0,2,0.07,215,5,2909,1556,249900
1,4.0,1,0.07,215,5,2908,1142,209900
0,2.0,2,0.18,219,5,2904,1967,324900
1,3.0,1,0.59,219,5,2904,1188,250000
1,2.0,2,0.11,224,5,2860,1776,300000
1,3.0,2,0.08,215,5,2908,1567,265000
0,3.0,2,3.19,214,5,2857,1683,760000
0,2.0,2,2.94,229,5,2817,1873,629900
0,5.0,2,0.07,215,5,2908,1501,319900
1,4.0,2,0.11,223,5,2893,1751,369900
0,5.0,1,0.07,215,5,2907,1725,475000
0,2.0,1,0.18,219,5,2904,1229,524900
1,4.0,2,0.17,225,5,2831,1163,429900
0,5.0,2,0.05,215,5,2909,1334,279900
1,1.0,2,1.04,222,5,2852,1664,300000
0,4.0,1,0.61,215,5,2909,1615,119900
0,5.0,1,0.4,219,5,2904,1660,385000
0,2.0,1,1.27,223,5,2893,1026,109900
0,2.0,2,0.36,217,5,2920,1170,359900
0,1.0,1,0.1,215,5,2904,1704,274900
0,2.0,1,0.11,224,5,2860,1343,269900
1,2.0,1,0.1,218,5,2914,1339,239900
0,2.0,1,1.3,221,5,2865,1994,156000
0,1.0,2,14.82,233,5,2818,1306,649900
0,5.0,2,0.32,230,5,2825,1617,454900
0,1.0,1,0.15,215,5,2908,1931,300000
1,4.0,2,0.08,215,5,2908,1296,284900
0,3.0,1,0.1,215,5,2908,1598,450000
1,4.0,2,0.17,220,5,2919,1230,395000
0,1.0,2,0.33,226,5,2864,1404,499900
0,4.0,2,0.11,219,5,2911,1823,380000
0,5.0,2,0.23,219,5,2911,1690,425000
0,1.0,1,0.24,220,5,2919,1644,424977
1,4.0,1,0.22,211,5,2859,1455,345000
0,3.0,1,0.14,216,5,2888,1913,329900
0,3.0,2,0.11,224,5,2860,1373,410000
1,2.0,2,0.23,219,5,2904,1761,405000
1,5.0,1,1.02,233,5,2818,1209,1100000
0,2.0,1,0.18,217,5,2920,1222,524000
0,5.0,1,1.51,211,5,2839,1462,60000
0,3.0,2,0.59,211,5,2859,1402,265000
1,5.0,1,0.12,226,5,2864,1100,209999
1,1.0,2,0.93,228,5,2917,1940,325000
0,3.0,2,1.31,221,5,2865,1058,999900
0,2.0,2,0.11,152,5,2816,1543,225000
1,2.0,2,0.06,215,5,2906,1600,299900
1,2.0,2,2.45,233,5,2818,1002,1499000
0,3.0,2,0.08,224,5,2860,1682,325000
1,4.0,2,0.52,237,5,2822,1841,389000
0,2.0,1,0.06,238,5,2872,1978,60000
0,4.0,1,0.29,221,5,2865,1510,569900
0,3.0,2,0.1,223,5,2893,1197,75000
0,1.0,1,0.17,218,5,2915,1438,399900
0,2.0,1,0.08,215,5,2903,1247,459900
1,3.0,1,1.85,228,5,2828,1523,699000
0,2.0,2,0.39,212,5,2895,1474,299900
0,1.0,1,0.85,187,5,2885,1993,129900
0,5.0,1,0.41,226,5,2864,1126,715000
0,5.0,2,0.09,219,5,2911,1049,350000
1,5.0,1,0.14,215,5,2909,1977,550000
0,3.0,2,0.09,215,5,2908,1975,289900
0,5.0,2,0.11,223,5,2893,1327,349888
0,1.0,1,0.11,215,5,2909,1201,359900
0,5.0,2,0.09,218,5,2914,1948,329900
1,4.0,1,0.2,219,5,2911,1830,349900
0,4.0,2,0.13,222,5,2852,1976,474900
1,3.0,1,0.08,215,5,2909,1418,365000
0,4.0,2,0.67,225,5,2857,1235,327000
1,5.0,1,1.79,225,5,2857,1407,438900
0,5.0,1,1.11,225,5,2857,1098,394900
1,4.0,2,1.62,225,5,2857,1285,438900
0,5.0,1,0.08,215,5,2906,1628,325000
0,1.0,2,0.66,231,5,2892,1066,85000
0,3.0,1,4.02,211,5,2859,1551,349000
0,1.0,1,11.5,230,5,2825,1008,140000
1,1.0,2,2.06,211,5,2859,1945,289000
1,1.0,1,0.07,215,5,2903,1742,229999
0,4.0,1,1.77,212,5,2895,1433,154900
0,5.0,1,0.87,187,5,2885,1495,74900
1,5.0,1,0.86,217,5,2920,1788,849500
0,1.0,2,0.09,227,5,2806,1433,479900
1,2.0,2,0.06,215,5,2907,1875,229900
0,1.0,2,0.22,221,5,2838,1321,359900
0,3.0,1,0.29,223,5,2893,1227,399000
0,5.0,1,0.6,221,5,2865,1311,939900
0,4.0,1,1.91,220,5,2919,1389,159900
1,5.0,1,0.23,219,5,2904,1285,399000
0,2.0,1,0.11,226,5,2864,1298,115000
0,5.0,1,0.19,216,5,2886,1322,369900
0,5.0,1,0.09,224,5,2861,1837,330000
0,1.0,1,0.5,220,5,2919,1647,588800
0,1.0,1,0.52,216,5,2886,1460,449000
0,4.0,1,0.41,216,5,2886,1354,600000
0,1.0,2,0.64,217,5,2921,1634,839500
1,1.0,2,0.61,222,5,2874,1251,1049500
1,1.0,2,0.12,231,5,2898,1403,3780898
0,4.0,2,0.94,227,5,2806,1822,400000
0,2.0,2,0.13,236,5,2809,1171,799900
0,4.0,2,1.04,222,5,2852,1437,349900
0,3.0,2,1.24,216,5,2889,1573,599000
0,1.0,1,5.17,230,5,2825,1064,225000
1,3.0,2,0.11,215,5,2906,1545,335000
0,2.0,2,1.98,152,5,2816,1174,158000
1,4.0,1,0.02,215,5,2905,1639,209000
0,3.0,2,0.02,219,5,2904,1909,232000
0,4.0,2,0.11,217,5,2920,1201,234900
0,3.0,2,1.01,223,5,2893,1384,119000
1,4.0,1,0.4,220,5,2919,1836,219900
0,3.0,2,0.89,225,5,2857,1263,310000
0,5.0,2,0.17,216,5,2889,1000,269999
0,2.0,1,0.19,219,5,2908,1445,468500
1,3.0,1,0.12,217,5,2910,1638,320000
0,3.0,2,1.41,231,5,2829,1294,1600000
0,3.0,1,0.09,215,5,2908,1319,569000
1,5.0,1,0.17,215,5,2906,1483,895000
1,1.0,1,0.86,215,5,2909,1568,230000
0,4.0,1,0.24,216,5,2888,1000,299900
0,1.0,2,0.03,217,5,2920,1663,239900
0,3.0,1,0.11,224,5,2860,1447,274900
0,5.0,2,7.2,233,5,2818,1400,2250000
0,5.0,2,1.66,215,5,2906,1939,549000
0,2.0,1,12.29,236,5,2809,1261,7450000
0,3.0,2,0.54,219,5,2911,1912,165000
0,2.0,2,0.09,218,5,2914,1878,305000
0,1.0,2,0.07,215,5,2905,1062,225000
1,1.0,2,0.15,215,5,2909,1217,299900
0,5.0,1,21.99,228,5,2917,1742,249900
0,4.0,2,1.35,215,5,2906,1673,245000
0,4.0,2,0.11,215,5,2908,1610,489900
1,3.0,1,0.07,215,5,2909,1767,305000
0,2.0,2,0.16,216,5,2888,1711,279900
1,1.0,1,0.57,217,5,2921,1560,727838
0,3.0,2,0.11,215,5,2908,1736,485000
0,2.0,2,0.07,215,5,2909,1204,469000
1,5.0,2,0.12,215,5,2908,1208,210000
0,5.0,2,0.38,212,5,2895,1257,175000
0,3.0,1,0.81,218,5,2916,1665,899999
0,1.0,2,0.7,228,5,2917,1264,350000
0,2.0,1,0.23,224,5,2861,1745,399900
1,2.0,1,2.0,229,5,2817,1451,489900
1,2.0,1,0.83,217,5,2920,1406,139900
0,4.0,1,0.27,152,5,2816,1985,219900
0,3.0,2,0.09,215,5,2903,1418,309000
1,1.0,2,0.24,226,5,2864,1972,349900
1,1.0,2,0.11,152,5,2816,1475,495000
1,3.0,2,0.1,216,5,2886,1914,250000
0,4.0,1,0.14,226,5,2864,1849,325000
0,1.0,1,0.25,152,5,2816,1246,349000
0,3.0,2,0.09,218,5,2915,1398,522500
0,3.0,2,0.46,221,5,2865,1408,699000
1,2.0,1,0.14,215,5,2906,1494,1575000
0,1.0,1,0.09,215,5,2906,1069,495000
1,4.0,2,0.1,224,5,2861,1022,279000
0,5.0,1,0.33,212,5,2895,1849,339900
0,4.0,2,1.6,215,5,2903,1157,339000
0,2.0,2,0.23,222,5,2852,1484,575000
0,2.0,2,19.57,216,5,2818,1091,5250000
1,1.0,2,0.49,217,5,2921,1208,863580
1,3.0,1,0.08,218,5,2914,1130,449900
1,5.0,1,0.06,215,5,2903,1115,1275000
0,1.0,1,0.07,215,5,2909,1771,455000
0,3.0,2,0.27,222,5,2852,1837,484900
0,1.0,2,0.09,216,5,2889,1450,165900
0,5.0,2,0.19,168,5,2842,1642,219900
0,5.0,2,0.15,233,5,2818,1489,550000
1,3.0,1,0.07,216,5,2889,1894,175000
1,3.0,1,0.09,215,5,2908,1831,274900
0,3.0,1,1.5,226,5,2864,1875,249900
1,2.0,2,0.12,152,5,2816,1054,209900
1,1.0,2,0.07,215,5,2904,1472,219000
0,3.0,2,0.1,215,5,2906,1229,399000
1,1.0,1,0.48,220,5,2919,1468,650000
0,5.0,1,0.14,216,5,2889,1961,274900
1,4.0,1,2.08,229,5,2817,1279,354900
1,3.0,1,1.38,225,5,2857,1044,529000
0,5.0,2,0.46,152,5,2816,1172,589000
1,2.0,1,0.04,217,5,2910,1437,290000
0,3.0,2,0.3,220,5,2919,1086,399900
0,5.0,2,0.07,215,5,2904,1514,349900
0,3.0,2,0.15,224,5,2861,1584,249900
1,3.0,2,0.08,226,5,2864,1173,275000
1,5.0,2,0.33,223,5,2893,1637,260000
1,1.0,1,0.05,215,5,2909,1345,270000
1,5.0,1,0.28,215,5,2906,1451,2785000
0,3.0,2,0.09,224,5,2860,1609,400000
0,5.0,1,0.17,215,5,2907,1856,549900
0,1.0,1,0.09,220,5,2919,1454,269000
1,3.0,2,0.15,223,5,2893,1309,289900
0,5.0,2,0.12,224,5,2861,1279,309000
0,4.0,1,0.13,232,5,2863,1658,399900
1,3.0,2,0.18,216,5,2886,1683,299000
1,2.0,1,0.15,215,5,2904,1116,349900
1,5.0,1,0.21,226,5,2864,1273,339900
0,2.0,1,0.67,215,5,2903,1940,355000
1,2.0,2,1.47,215,5,2903,1317,349000
0,2.0,1,0.16,212,5,2895,1559,389900
0,1.0,1,0.07,214,5,2814,1407,119900
0,4.0,2,0.09,215,5,2907,1454,219999
0,4.0,1,0.46,215,5,2909,1669,135000
0,2.0,2,0.15,215,5,2908,1351,325665
0,2.0,1,0.11,216,5,2886,1153,289900
1,2.0,2,0.15,217,5,2920,1415,339000
0,1.0,1,0.11,212,5,2895,1025,225000
0,1.0,1,0.1,215,5,2909,1462,249900
0,1.0,2,1.94,216,5,2886,1621,369000
0,1.0,2,24.04,152,5,2816,1698,975000
0,3.0,1,0.17,217,5,2920,1262,299000
0,3.0,1,2.04,233,5,2818,1128,499900
0,4.0,1,0.82,152,5,2816,1385,269000
0,2.0,2,0.52,226,5,2864,1217,480000
0,3.0,2,0.79,228,5,2917,1701,499000
1,3.0,2,0.32,217,5,2920,1252,375000
1,3.0,1,1.73,215,5,2906,1940,140000
0,1.0,1,1.21,212,5,2895,1581,299900
1,5.0,2,0.06,187,5,2885,1611,334900
0,2.0,2,0.09,215,5,2909,1537,249000
0,2.0,2,0.67,152,5,2816,1473,379900
0,5.0,1,0.11,215,5,2903,1537,379900
0,2.0,2,0.09,217,5,2909,1436,375000
1,2.0,1,0.09,224,5,2861,1505,425000
0,1.0,1,0.08,215,5,2909,1875,450000
0,2.0,2,0.1,215,5,2906,1133,825000
0,5.0,2,0.23,220,5,2919,1196,334900
0,5.0,1,0.09,215,5,2908,1387,115000
0,1.0,1,0.23,222,5,2852,1142,475000
1,2.0,1,1.57,220,5,2919,1847,399999
0,3.0,1,1.97,221,5,2865,1758,429900
0,3.0,2,0.52,215,5,2903,1571,399000
1,5.0,1,0.17,227,5,2806,1365,459900
0,2.0,2,0.96,219,5,2904,1920,319900
0,5.0,2,1.23,222,5,2852,1730,405000
0,2.0,2,1.13,219,5,2904,1397,87900
0,2.0,1,0.14,211,5,2858,1412,610000
0,1.0,1,0.55,152,5,2827,1686,399900
0,1.0,1,0.59,221,5,2865,1506,339900
0,4.0,1,0.23,220,5,2919,1631,259900
1,1.0,1,0.09,216,5,2888,1408,275000
0,4.0,2,0.51,216,5,2886,1200,129900
0,5.0,1,0.21,218,5,2914,1552,375000
0,5.0,1,0.16,212,5,2895,1842,339900
0,5.0,2,0.81,218,5,2915,1632,234900
1,5.0,1,0.1,224,5,2861,1335,329000
1,5.0,2,0.19,216,5,2888,1674,400000
1,4.0,2,0.26,223,5,2893,1488,349000
0,4.0,2,9.93,225,5,2825,1456,1650000
0,5.0,1,0.2,216,5,2886,1006,299900
0,5.0,2,0.27,216,5,2886,1231,79900
0,3.0,1,0.27,216,5,2886,1662,79900
0,4.0,1,0.07,215,5,2909,1560,448000
0,4.0,1,0.11,220,5,2919,1900,319900
1,2.0,2,4.87,230,5,2825,1129,325000
0,1.0,1,0.76,221,5,2865,1869,740000
0,4.0,2,1.41,217,5,2905,1815,279900
0,1.0,2,0.28,220,5,2919,1473,315000
0,2.0,1,0.13,215,5,2909,1103,375000
1,5.0,1,0.23,223,5,2893,1297,324900
0,2.0,1,0.11,227,5,2806,1936,719900
1,5.0,1,1.57,211,5,2839,1135,97500
0,3.0,1,0.24,216,5,2889,1993,249900
1,3.0,1,0.28,212,5,2895,1612,295900
0,3.0,2,0.07,215,5,2908,1158,215000
0,3.0,1,0.15,152,5,2816,1875,85000
1,1.0,2,0.14,217,5,2910,1357,309000
0,2.0,2,0.2,215,5,2904,1132,199900
0,4.0,1,0.56,220,5,2919,1102,599900
0,4.0,1,0.8,152,5,2816,1136,414900
0,2.0,1,1.42,221,5,2838,1607,184900
0,1.0,2,2.75,225,5,2857,1108,400000
1,2.0,2,0.82,226,5,2864,1425,644500
0,1.0,1,0.11,215,5,2906,1704,725000
0,4.0,1,1.88,221,5,2865,1503,1975000
0,3.0,1,0.4,217,5,2831,1386,334900
0,1.0,1,0.21,224,5,2860,1707,799000
0,3.0,2,0.15,219,5,2911,1209,319900
0,1.0,2,0.11,216,5,2889,1051,299999
0,4.0,2,0.2,216,5,2886,1134,429900
0,4.0,1,0.24,216,5,2889,1040,269900
1,5.0,1,0.3,152,5,2816,1634,299900
0,3.0,2,0.02,215,5,2909,1134,224900
0,2.0,1,0.38,233,5,2818,1054,659900
0,2.0,2,0.12,223,5,2893,1296,319900
1,1.0,1,0.1,216,5,2818,1997,749500
0,5.0,2,0.04,215,5,2908,1143,300000
1,3.0,1,0.12,218,5,2914,1558,349900
1,3.0,2,0.11,226,5,2864,1403,350000
0,5.0,1,0.24,220,5,2919,1806,459900
1,2.0,2,0.23,233,5,2818,1052,539900
0,3.0,2,1.76,221,5,2865,1312,2895000
1,2.0,1,3.2,229,5,2817,1516,175000
1,1.0,1,0.12,215,5,2907,1066,359900
0,5.0,1,0.15,217,5,2920,1093,298500
0,1.0,1,0.09,217,5,2910,1999,695000
0,4.0,2,0.48,213,5,2896,1825,599900
0,5.0,1,0.39,215,5,2903,1637,525000
1,1.0,2,0.16,216,5,2889,1234,449900
1,2.0,2,0.08,215,5,2905,1975,199000
0,4.0,2,0.33,215,5,2908,1615,470000
0,3.0,1,0.72,220,5,2919,1091,499000
0,2.0,2,0.71,152,5,2816,1145,124900
0,2.0,2,0.23,219,5,2911,1348,299900
0,2.0,1,0.44,220,5,2919,1754,259000
0,1.0,2,0.37,216,5,2889,1779,749900
0,2.0,1,0.6,212,5,2895,1328,409000
0,4.0,2,0.17,215,5,2908,1572,449000
0,4.0,2,0.11,219,5,2904,1546,349900
0,4.0,2,0.2,216,5,2886,1453,350000
0,3.0,1,0.13,216,5,2888,1096,799000
1,5.0,1,0.67,216,5,2889,1801,539000
1,1.0,1,0.45,226,5,2864,1624,599900
1,5.0,1,2.3,229,5,2817,1230,175000
0,1.0,2,0.05,226,5,2864,1299,360000
0,5.0,2,0.14,212,5,2895,1560,349000
0,2.0,1,24.7,231,5,2892,1704,425000
1,2.0,2,0.23,152,5,2816,1228,349900
0,4.0,1,0.1,215,5,2906,1160,1050000
1,3.0,1,0.39,228,5,2917,1396,469900
1,1.0,2,0.11,219,5,2904,1462,380000
0,4.0,2,0.12,219,5,2911,1226,525000
0,3.0,2,0.18,223,5,2893,1916,415000
1,2.0,1,0.39,227,5,2806,1099,999000
0,5.0,1,0.07,216,5,2886,1091,429900
0,3.0,2,0.64,222,5,2874,1165,295000
0,2.0,1,0.78,222,5,2874,1919,1060900
0,3.0,2,0.07,216,5,2889,1335,197000
0,2.0,1,0.11,217,5,2905,1627,235000
1,4.0,2,1.79,223,5,2893,1508,115000
0,4.0,1,1.73,216,5,2889,1836,159900
1,5.0,1,0.11,228,5,2828,1518,269900
0,2.0,1,0.15,220,5,2919,1558,249900
0,3.0,2,3.71,214,5,2814,1712,495000
0,2.0,2,1.56,214,5,2814,1842,342000
0,4.0,1,0.09,215,5,2908,1666,280000
1,3.0,1,0.59,213,5,2896,1913,524900
0,5.0,2,0.19,212,5,2895,1051,242500
0,5.0,2,0.15,215,5,2904,1778,379000
1,3.0,1,0.15,216,5,2889,1837,289900
1,2.0,2,0.22,219,5,2904,1374,299900
0,5.0,1,2.01,216,5,2889,1147,2000000
1,1.0,2,0.35,212,5,2895,1373,435000
1,4.0,2,0.92,238,5,2872,1232,625000
1,1.0,2,0.52,216,5,2889,1949,419900
1,2.0,2,0.33,220,5,2919,1475,429000
0,4.0,1,0.18,213,5,2896,1841,449900
0,5.0,1,0.21,219,5,2911,1212,365000
0,4.0,2,1.6,216,5,2818,1445,169900
0,4.0,1,0.35,152,5,2816,1742,294000
0,3.0,2,0.15,216,5,2889,1504,399900
0,2.0,2,0.25,216,5,2886,1209,289900
1,2.0,1,0.38,226,5,2864,1207,360000
0,1.0,1,0.09,215,5,2903,1508,1700000
0,4.0,2,0.11,219,5,2904,1938,309900
0,1.0,2,0.1,215,5,2908,1399,409900
0,5.0,2,0.16,217,5,2920,1585,384900
0,3.0,1,0.11,215,5,2904,1706,379900
0,3.0,2,0.46,152,5,2816,1654,379000
0,2.0,1,0.08,215,5,2903,1038,1089900
0,1.0,1,0.11,232,5,2863,1223,343500
1,5.0,2,0.12,215,5,2907,1060,354900
0,2.0,1,0.08,217,5,2920,1943,275000
1,2.0,2,0.24,224,5,2861,1592,399900
0,5.0,2,1.14,152,5,2816,1882,69900
0,3.0,2,0.12,217,5,2905,1705,190000
1,5.0,2,0.13,215,5,2909,1532,269900
1,1.0,1,0.14,224,5,2861,1869,275000
1,3.0,1,1.95,222,5,2852,1377,449900
1,2.0,1,0.56,233,5,2818,1515,350000
1,1.0,1,0.11,224,5,2861,1307,484900
0,3.0,2,0.65,223,5,2893,1564,224900
0,5.0,2,0.09,215,5,2906,1077,899000
1,2.0,1,1.09,228,5,2828,1961,184900
0,3.0,1,0.96,225,5,2857,1476,399000
0,5.0,2,0.18,219,5,2904,1244,315000
0,2.0,1,0.09,215,5,2909,1186,264900
0,5.0,1,0.18,216,5,2888,1726,340000
1,4.0,1,0.33,216,5,2888,1962,499900
1,3.0,1,0.44,226,5,2864,1640,689900
0,3.0,1,0.15,224,5,2860,1577,360000
0,1.0,1,0.07,215,5,2905,1127,298000
0,4.0,1,0.27,212,5,2895,1541,280000
1,5.0,1,0.15,217,5,2920,1780,580000
1,5.0,2,0.18,223,5,2893,1992,369900
0,1.0,1,0.11,217,5,2907,1264,350000
0,2.0,1,0.18,220,5,2919,1712,419900
1,5.0,1,1.63,229,5,2817,1616,499000
0,5.0,1,0.2,217,5,2920,1135,379900
1,2.0,2,0.07,215,5,2904,1924,335000
1,5.0,1,0.22,214,5,2814,1358,599900
0,1.0,1,0.07,215,5,2904,1006,75900
0,3.0,1,0.09,215,5,2908,1326,289900
1,1.0,1,0.19,212,5,2895,1576,419000
0,2.0,1,0.18,215,5,2903,1616,995000
0,3.0,1,0.16,226,5,2864,1776,429900
0,3.0,1,0.06,215,5,2904,1668,175000
1,3.0,1,0.36,152,5,2816,1149,299000
1,3.0,2,0.07,215,5,2905,1149,249500
0,4.0,2,0.07,216,5,2889,1927,190000
0,4.0,1,1.23,152,5,2831,1406,524900
0,2.0,2,0.07,216,5,2889,1063,249900
1,5.0,1,0.18,226,5,2864,1226,258500
1,1.0,1,1.22,233,5,2818,1508,419900
1,3.0,1,0.1,212,5,2895,1903,348888
0,3.0,1,0.18,227,5,2806,1094,374900
1,4.0,2,0.13,215,5,2904,1013,149900
0,3.0,2,0.21,216,5,2889,1561,384900
1,3.0,2,0.08,223,5,2893,1870,279000
0,3.0,2,0.11,224,5,2861,1566,280000
0,3.0,2,0.99,226,5,2864,1114,599000
0,5.0,2,2.88,228,5,2917,1518,449000
0,3.0,2,0.16,216,5,2886,1578,309000
1,4.0,1,0.3,216,5,2888,1967,535000
1,5.0,1,6.67,228,5,2917,1916,530000
0,5.0,1,0.29,220,5,2919,1956,249000
0,5.0,2,0.08,215,5,2907,1919,429000
1,3.0,1,36.0,229,5,2817,1172,349000
0,4.0,2,0.23,152,5,2816,1535,339900
1,5.0,1,12.14,229,5,2817,1410,779000
0,5.0,2,0.11,217,5,2920,1581,349900
0,3.0,2,0.11,213,5,2896,1140,399000
0,1.0,2,1.21,216,5,2889,1623,639000
0,4.0,2,0.86,215,5,2906,1537,415000
0,2.0,1,0.18,212,5,2895,1390,399999
0,1.0,2,0.19,168,5,2842,1974,549000
0,4.0,2,2.0,222,5,2874,1781,289900
0,4.0,2,0.15,222,5,2852,1818,484900
0,4.0,2,0.46,211,5,2859,1467,199900
0,4.0,2,0.41,226,5,2864,1167,249900
1,5.0,2,0.22,222,5,2852,1921,304999
0,4.0,1,0.08,216,5,2889,1647,240000
0,2.0,1,1.0,225,5,2857,1748,475000
0,3.0,2,0.23,215,5,2906,1676,1065000
0,1.0,1,0.09,226,5,2864,1055,349900
0,2.0,2,0.23,219,5,2911,1465,450000
0,4.0,1,0.09,215,5,2908,1200,285000
1,2.0,1,0.23,223,5,2893,1638,299999
0,3.0,1,0.18,216,5,2886,1586,340000
0,5.0,2,0.22,233,5,2818,1680,329900
1,3.0,2,1.11,217,5,2920,1922,239900
1,5.0,1,0.09,216,5,2888,1509,279000
0,3.0,2,0.1,215,5,2909,1549,499900
0,1.0,2,0.18,152,5,2816,1593,290000
0,5.0,2,0.23,216,5,2888,1935,419000
1,2.0,2,0.67,211,5,2859,1128,399900
1,4.0,2,0.93,221,5,2838,1373,190000
0,4.0,2,1.63,213,5,2896,1594,720000
0,5.0,2,0.16,227,5,2806,1858,519000
1,1.0,1,0.08,215,5,2904,1340,85000
0,2.0,2,0.47,216,5,2886,1938,579900
0,4.0,2,0.07,215,5,2909,1661,324900
0,2.0,2,0.23,224,5,2860,1205,349000
0,1.0,2,0.61,226,5,2864,1026,799900
0,3.0,2,0.18,212,5,2895,1727,319900
1,4.0,1,0.84,222,5,2852,1143,689900
0,1.0,2,0.07,215,5,2905,1294,295000
1,1.0,2,0.17,216,5,2886,1354,325000
0,5.0,1,0.1,224,5,2861,1603,289900
1,3.0,1,0.28,226,5,2864,1421,375000
0,4.0,2,0.74,217,5,2921,1279,765267
0,2.0,1,0.38,226,5,2864,1273,449900
1,2.0,1,0.18,223,5,2893,1207,334900
1,2.0,1,0.09,224,5,2861,1606,395000
1,2.0,2,1.34,223,5,2893,1020,224900
1,1.0,2,1.48,222,5,2852,1647,279900
1,4.0,1,0.09,215,5,2904,1860,220000
0,1.0,1,0.54,214,5,2814,1888,225000
0,4.0,1,0.12,220,5,2919,1718,275000
1,1.0,1,0.1,215,5,2908,1395,475000
0,4.0,2,0.83,228,5,2828,1069,674900
1,3.0,1,0.17,216,5,2889,1911,324900
0,4.0,2,0.09,217,5,2910,1160,280000
1,4.0,2,2.14,152,5,2816,1723,499900
0,1.0,1,0.2,218,5,2915,1705,335000
1,1.0,1,0.3,224,5,2860,1245,650000
0,3.0,2,0.18,152,5,2816,1492,419900
0,2.0,1,0.23,223,5,2893,1002,359000
1,1.0,2,1.25,220,5,2919,1411,149000
1,1.0,1,0.11,213,5,2896,1800,499900
0,4.0,2,0.14,224,5,2860,1991,550000
0,5.0,1,1.03,228,5,2917,1860,474900
1,2.0,1,0.12,217,5,2910,1288,320000
0,4.0,1,0.08,215,5,2909,1047,319900
0,5.0,1,0.24,152,5,2816,1778,329000
0,3.0,1,0.24,219,5,2911,1331,379900
0,5.0,1,0.21,218,5,2916,1454,469000
1,3.0,2,0.93,216,5,2886,1850,919900
0,1.0,1,0.11,224,5,2860,1920,339900
0,2.0,2,0.09,215,5,2907,1698,399900
1,4.0,2,0.09,215,5,2904,1157,425000
0,2.0,1,0.11,218,5,2916,1742,324500
0,2.0,1,0.21,152,5,2816,1080,339900
1,5.0,2,0.1,218,5,2915,1386,350000
0,4.0,2,2.15,222,5,2874,1347,749000
0,3.0,1,1.16,216,5,2818,1155,789900
0,4.0,2,1.71,212,5,2895,1968,184900
0,5.0,2,0.12,232,5,2863,1186,1400000
0,1.0,1,0.58,227,5,2806,1233,999999
0,4.0,1,0.23,226,5,2864,1082,389000
1,5.0,1,0.07,217,5,2920,1542,190000
0,1.0,1,0.59,225,5,2857,1583,289000
0,1.0,1,0.2,217,5,2920,1434,329900
0,2.0,1,0.08,224,5,2861,1712,324900
0,1.0,2,0.08,215,5,2907,1267,279900
0,5.0,1,0.17,215,5,2908,1222,379900
0,5.0,1,0.34,152,5,2816,1693,335000
1,2.0,1,17.38,213,5,2896,1180,375000
1,1.0,1,1.98,222,5,2852,1275,100000
1,2.0,2,0.09,224,5,2860,1339,399900
1,4.0,2,0.39,226,5,2864,1204,429900
0,1.0,1,2.8,237,5,2822,1536,469000
0,4.0,1,0.19,220,5,2919,1055,325000
1,3.0,1,0.1,224,5,2861,1684,315000
1,4.0,1,2.2,152,5,2816,1407,424900
0,2.0,2,1.0,233,5,2818,1421,599900
1,5.0,2,0.11,224,5,2860,1321,319900
1,3.0,2,0.07,215,5,2904,1174,455000
1,3.0,1,2.96,233,5,2818,1836,2100000
1,1.0,1,0.23,216,5,2888,1162,375000
0,2.0,2,0.12,218,5,2916,1726,324900
0,3.0,2,0.54,227,5,2806,1455,1349000
0,3.0,2,0.04,233,5,2818,1081,524900
0,3.0,2,0.1,217,5,2910,1354,249900
1,1.0,1,0.18,226,5,2864,1443,299900
1,3.0,2,0.11,215,5,2907,1355,289900
0,5.0,1,0.18,218,5,2915,1074,649900
1,2.0,1,1.86,226,5,2864,1844,269000
1,3.0,1,0.12,216,5,2889,1456,299900
1,2.0,1,0.11,215,5,2909,1900,325000
1,1.0,1,0.11,219,5,2911,1849,209900
0,1.0,1,2.1,211,5,2859,1802,599000
1,1.0,1,0.1,215,5,2905,1316,295000
0,5.0,2,0.09,224,5,2861,1435,369900
1,5.0,1,0.14,218,5,2916,1210,489900
1,2.0,2,0.1,215,5,2909,1699,850000
1,5.0,2,0.11,224,5,2861,1667,354900
0,5.0,1,6.8,230,5,2825,1512,525000
1,1.0,1,0.23,212,5,2895,1446,399900
0,1.0,2,0.19,216,5,2818,1802,469000
1,1.0,2,0.11,217,5,2920,1617,375000
0,3.0,2,1.0,233,5,2818,1242,794900
0,2.0,2,1.31,222,5,2874,1945,1100000
1,5.0,2,0.2,224,5,2861,1202,529900
0,1.0,2,0.15,215,5,2906,1486,1395000
0,2.0,2,1.0,212,5,2895,1810,189900
1,1.0,2,0.2,228,5,2917,1513,409999
0,5.0,2,1.07,216,5,2886,1678,225000
0,5.0,1,0.06,224,5,2860,1641,399900
1,5.0,2,12.09,228,5,2917,1663,499900
0,3.0,1,0.1,215,5,2905,1550,153000
0,2.0,2,1.09,218,5,2914,1528,169900
0,5.0,2,0.1,220,5,2919,1915,299999
1,5.0,1,1.07,225,5,2857,1678,439900
0,2.0,2,0.11,223,5,2893,1309,289900
1,1.0,1,0.11,219,5,2911,1443,349900
0,1.0,1,0.3,219,5,2904,1696,355000
0,4.0,1,0.14,215,5,2904,1008,419000
1,5.0,1,0.29,216,5,2888,1820,285000
1,1.0,2,0.16,216,5,2886,1024,280000
0,4.0,2,0.07,215,5,2909,1156,319900
0,4.0,2,0.18,216,5,2889,1377,315000
0,4.0,1,0.51,217,5,2921,1666,560000
0,3.0,1,1.54,226,5,2864,1787,289000
1,1.0,1,0.09,215,5,2904,1568,130000
0,4.0,1,1.65,214,5,2857,1735,424900
0,1.0,2,0.18,218,5,2915,1147,429900
0,5.0,2,0.37,223,5,2893,1663,310000
1,3.0,1,0.18,168,5,2842,1464,420000
0,3.0,1,0.11,216,5,2889,1803,475000
0,1.0,2,0.1,215,5,2906,1418,825000
1,2.0,2,0.07,215,5,2905,1293,359900
0,4.0,2,0.87,222,5,2852,1857,629900
1,5.0,1,0.23,219,5,2904,1483,419900
1,1.0,1,0.24,217,5,2920,1098,389999
1,2.0,1,2.0,222,5,2874,1042,850000
0,4.0,1,0.12,212,5,2895,1258,299900
1,4.0,1,0.08,215,5,2909,1132,329900
1,5.0,2,0.07,215,5,2908,1413,299900
0,1.0,1,1.21,227,5,2806,1270,2225000
0,3.0,1,0.23,226,5,2864,1317,439900
1,5.0,1,0.11,212,5,2895,1703,425000
1,4.0,2,0.1,224,5,2861,1081,320000
0,5.0,1,0.93,227,5,2806,1679,1150000
0,4.0,2,0.15,216,5,2886,1227,225000
0,4.0,1,0.33,234,5,2873,1398,239000
1,2.0,2,1.47,216,5,2818,1385,525000
0,1.0,2,0.24,216,5,2888,1054,335000
0,2.0,2,0.15,215,5,2909,1044,270000
0,2.0,1,0.13,224,5,2861,1654,389900
1,4.0,1,0.26,212,5,2895,1917,324900
0,3.0,1,0.26,219,5,2904,1131,322500
0,3.0,1,0.11,224,5,2861,1051,549000
0,1.0,1,0.34,216,5,2818,1072,430000
0,2.0,2,0.1,216,5,2888,1737,319900
0,1.0,1,0.25,217,5,2920,1139,439000
0,3.0,1,0.16,215,5,2904,1739,299900
0,5.0,2,0.16,216,5,2888,1763,499000
0,3.0,1,0.11,224,5,2861,1473,429900
0,3.0,2,0.26,236,5,2809,1157,450000
0,2.0,2,0.28,216,5,2886,1587,285000
0,2.0,2,0.11,215,5,2909,1773,399000
1,5.0,2,0.58,220,5,2919,1871,449900
1,4.0,2,0.11,226,5,2864,1015,319000
1,1.0,1,0.38,219,5,2911,1841,380000
0,2.0,2,0.19,217,5,2920,1576,369900
1,5.0,1,0.17,226,5,2864,1071,325000
0,1.0,2,0.09,220,5,2919,1662,349900
0,3.0,2,0.23,223,5,2893,1917,299900
0,5.0,1,1.42,222,5,2852,1995,899900
0,2.0,1,0.36,216,5,2818,1483,699900
1,2.0,1,0.11,224,5,2860,1813,324000
1,5.0,1,0.18,226,5,2864,1077,319900
1,3.0,1,0.22,213,5,2896,1699,339000
1,5.0,1,0.13,217,5,2920,1043,384900
1,1.0,1,0.75,224,5,2860,1701,269900
0,4.0,2,1.03,152,5,2817,1003,949900
0,5.0,1,1.26,227,5,2806,1824,495000
0,4.0,2,1.91,223,5,2893,1974,450000
0,5.0,2,1.41,218,5,2916,1909,279900
0,1.0,2,0.26,231,5,2898,1708,349900
0,3.0,1,0.11,224,5,2860,1546,449900
0,1.0,1,0.09,215,5,2907,1398,399900
1,3.0,1,1.8,215,5,2908,1018,301000
0,2.0,2,0.28,212,5,2895,1283,199900
0,4.0,2,0.2,219,5,2911,1114,399900
1,5.0,1,0.15,212,5,2895,1675,279000
0,2.0,2,0.15,219,5,2904,1348,375000
0,5.0,2,0.22,216,5,2889,1656,275000
0,1.0,1,0.09,216,5,2888,1844,315000
1,5.0,1,0.11,216,5,2888,1399,224900
0,5.0,1,1.17,237,5,2822,1339,200000
0,3.0,1,0.23,221,5,2865,1030,334000
0,1.0,2,0.23,212,5,2895,1052,239900
0,4.0,2,0.09,217,5,2910,1645,350000
0,5.0,1,10.79,217,5,2921,1884,1599900
1,5.0,1,1.55,226,5,2864,1918,465000
0,2.0,1,0.11,212,5,2895,1474,239999
0,3.0,2,0.15,216,5,2886,1541,369900
1,5.0,1,0.24,218,5,2914,1058,339900
1,3.0,2,0.36,212,5,2895,1373,250000
1,1.0,2,0.11,217,5,2910,1239,339900
1,5.0,2,0.18,217,5,2920,1421,279900
0,4.0,2,0.58,218,5,2914,1863,775000
0,2.0,2,0.15,215,5,2906,1417,459999
1,3.0,1,0.07,215,5,2909,1369,389500
1,4.0,1,0.14,219,5,2904,1719,290000
0,1.0,2,0.23,226,5,2864,1489,449000
0,1.0,1,0.81,223,5,2893,1831,249900
0,3.0,1,0.11,215,5,2906,1227,1095000
1,3.0,1,0.14,220,5,2919,1266,359900
0,2.0,2,0.11,216,5,2886,1794,274900
0,1.0,2,0.09,232,5,2863,1789,475000
0,2.0,1,0.19,216,5,2818,1939,399000
1,2.0,1,0.46,214,5,2814,1345,469900
0,5.0,1,0.33,223,5,2893,1037,325000
1,2.0,1,0.95,216,5,2818,1558,799900
0,5.0,2,0.21,227,5,2806,1700,489900
0,4.0,1,0.12,224,5,2861,1277,319900
0,2.0,1,0.23,223,5,2893,1667,299900
0,3.0,2,0.24,223,5,2893,1056,339900
1,4.0,1,0.24,219,5,2911,1360,469900
0,4.0,1,0.15,212,5,2895,1973,425000
0,1.0,2,0.47,219,5,2904,1363,439000
1,1.0,2,1.3,229,5,2817,1806,499900
0,4.0,1,0.13,215,5,2906,1872,739000
0,5.0,2,0.92,239,6,19073,1982,1470000
0,3.0,1,0.92,239,6,19073,1291,1445000
0,5.0,2,1.43,239,6,19073,1419,1445000
0,4.0,2,0.92,239,6,19073,1157,1420000
1,4.0,1,0.92,239,6,19073,1011,1445000
0,2.0,2,0.94,239,6,19073,1868,1795000
0,4.0,1,0.93,239,6,19073,1933,1645000
0,4.0,1,0.92,239,6,19073,1945,1470000
0,1.0,1,0.28,239,6,19073,1247,1445000
0,2.0,1,0.92,239,6,19073,1712,1445000
1,5.0,2,0.92,239,6,19073,1052,1420000
0,1.0,1,0.92,239,6,19073,1513,1445000
0,2.0,2,0.94,239,6,19073,1982,1795000
0,5.0,1,0.93,239,6,19073,1649,1645000
0,2.0,2,1.0,240,6,18302,1425,28500
1,4.0,1,1.14,241,6,18013,1482,279900
0,5.0,2,0.56,240,6,18301,1793,129900
0,1.0,1,0.22,242,6,18013,1698,160000
1,5.0,2,0.03,243,6,18360,1700,189900
0,2.0,1,0.13,242,6,18013,1657,350000
1,1.0,2,0.13,240,6,18301,1854,259900
0,4.0,1,0.09,242,6,18013,1202,135900
0,2.0,1,0.02,243,6,18360,1423,171500
0,3.0,1,0.15,242,6,18013,1312,189900
0,4.0,1,0.15,243,6,18360,1535,479900
0,4.0,2,0.15,243,6,18360,1199,479900
0,2.0,2,0.27,243,6,18360,1538,394500
0,3.0,2,50.1,240,6,18301,1872,2250000
0,4.0,1,0.24,244,6,18360,1245,285000
0,5.0,1,15.0,245,6,18343,1059,1500000
0,3.0,2,0.4,246,6,18324,1044,349000
0,3.0,2,0.48,247,6,18425,1708,199000
0,4.0,2,1.04,248,6,18337,1573,270000
1,1.0,2,0.85,240,6,18301,1978,449900
0,1.0,1,0.32,240,6,18301,1445,245000
0,5.0,2,0.15,242,6,18013,1235,219900
0,5.0,1,0.39,243,6,18360,1026,269000
1,5.0,2,0.15,243,6,18360,1921,470000
0,4.0,1,0.75,170,7,3470,1035,79900
1,5.0,2,0.12,41,7,3451,1778,199000
1,4.0,2,0.09,41,7,3451,1562,259000
0,5.0,1,0.11,41,7,3451,1780,239000
0,4.0,2,0.12,41,7,3451,1662,199000
0,3.0,2,1.31,41,7,3451,1154,250000
1,1.0,2,0.09,41,7,3451,1393,259000
0,4.0,2,0.11,41,7,3451,1962,239000
0,3.0,1,0.75,170,7,3470,1316,79900
0,5.0,1,1.5,170,7,3470,1118,239900
0,5.0,1,0.12,41,7,3451,1991,199000
0,5.0,1,1.31,41,7,3451,1081,250000
0,2.0,1,0.09,41,7,3451,1578,259000
0,5.0,2,0.11,41,7,3451,1357,239000
0,5.0,2,0.81,61,7,3462,1299,489000
1,1.0,1,0.21,249,7,3431,1995,179000
0,2.0,2,0.83,249,7,3431,1693,214900
1,5.0,1,0.31,249,7,3431,1827,349000
0,4.0,1,1.0,249,7,3431,1204,339000
0,4.0,1,1.21,249,7,3431,1941,179900
0,4.0,1,0.09,41,7,3451,1732,259000
1,2.0,1,0.11,41,7,3451,1288,239000
0,1.0,1,1.66,61,7,3443,1551,375000
1,2.0,2,0.6,250,7,3447,1807,220000
0,4.0,1,0.7,250,7,3447,1101,349000
1,3.0,1,1.49,249,7,3431,1631,214900
1,1.0,1,0.81,61,7,3462,1147,489000
0,4.0,1,0.31,249,7,3431,1535,349000
0,1.0,1,1.77,249,7,3431,1215,179900
0,2.0,1,0.32,249,7,3431,1118,498900
0,5.0,2,25.0,176,4,6790,1829,949900
0,3.0,2,182.78,178,4,6751,1545,2600000
1,5.0,2,2.37,179,4,6759,1010,699000
1,5.0,2,20.0,179,4,6759,1370,975000
0,2.0,2,25.0,180,4,6763,1167,199000
0,4.0,1,25.4,187,4,6754,1136,325000
0,3.0,1,0.6,179,4,6759,1458,244900
0,4.0,1,0.99,181,4,6787,1362,479900
1,4.0,2,7.23,174,4,6039,1850,895000
0,3.0,2,2.41,175,4,6069,1740,150000
0,1.0,1,2.34,46,4,6777,1876,115000
0,3.0,2,5.86,60,4,6756,1165,899000
0,3.0,1,0.23,176,4,6790,1369,439900
0,4.0,2,0.92,179,4,6759,1388,650095
0,1.0,1,0.13,179,4,6759,1164,695500
0,2.0,2,1.01,174,4,6068,1450,395000
0,4.0,2,3.13,46,4,6777,1027,570000
1,2.0,1,0.23,176,4,6790,1484,135000
0,1.0,2,1.98,184,4,6791,1282,380000
0,3.0,2,1.6,177,4,6795,1610,579900
0,2.0,1,3.03,185,4,6796,1777,679000
0,3.0,2,0.58,174,4,6068,1913,550000
0,4.0,2,0.12,170,4,6098,1663,735000
1,2.0,1,5.31,186,4,6798,1224,225000
0,2.0,2,10.9,179,4,6750,1160,849900
1,3.0,2,46.97,46,4,6794,1729,4290000
1,4.0,2,1.4,172,4,6018,1177,468000
1,5.0,1,1.29,177,4,6795,1571,199900
0,4.0,2,2.33,170,4,6098,1050,329000
0,5.0,2,1.6,179,4,6759,1033,329900
0,4.0,1,450.95,185,4,6753,1725,14995000
1,1.0,1,0.36,176,4,6790,1062,254900
1,4.0,2,5.7,185,4,6754,1470,100000
1,2.0,2,474.0,174,4,6068,1108,15750000
0,1.0,2,1.04,185,4,6796,1903,105000
0,1.0,1,0.33,176,4,6790,1563,145000
1,2.0,2,445.62,185,4,6753,1987,14995000
1,4.0,1,104.0,180,4,6763,1546,998000
0,4.0,2,0.6,174,4,6039,1172,895000
1,5.0,1,0.07,176,4,6790,1336,145000
0,4.0,2,4.0,179,4,6759,1973,825000
0,4.0,1,5.03,185,4,6796,1309,699000
1,5.0,2,1.34,177,4,6795,1301,699900
0,5.0,2,33.0,175,4,6069,1229,795000
1,1.0,1,7.87,183,4,6021,1170,745000
1,5.0,1,2.58,186,4,6798,1102,599000
0,2.0,2,1.25,184,4,6791,1710,315000
0,1.0,1,0.12,176,4,6790,1640,149900
0,3.0,2,0.8,174,4,6039,1160,499000
0,3.0,1,0.35,172,4,6018,1846,299000
0,1.0,1,1.26,179,4,6759,1836,235000
1,4.0,1,0.4,186,4,6798,1425,294900
0,5.0,2,85.0,174,4,6068,1355,11890000
0,4.0,2,0.42,176,4,6790,1417,175000
0,3.0,1,0.16,176,4,6790,1545,139999
1,3.0,1,22.55,46,4,6793,1490,5995000
1,4.0,1,0.32,177,4,6779,1829,259000
0,3.0,1,176.1,187,4,6754,1469,3495000
0,3.0,1,106.0,46,4,6793,1757,9900000
0,1.0,1,3.68,183,4,6021,1463,40000
0,2.0,2,18.16,178,4,6751,1502,1500000
1,4.0,1,1.0,176,4,6790,1579,130000
0,3.0,2,0.55,177,4,6795,1879,350000
0,5.0,2,3.31,181,4,6787,1791,129900
1,1.0,2,1.1,179,4,6750,1407,349900
0,5.0,2,8.39,186,4,6798,1674,430000
1,2.0,1,1.18,60,4,6756,1551,789000
0,3.0,1,16.06,186,4,6798,1699,1895000
1,5.0,2,0.68,180,4,6763,1799,4500000
1,3.0,2,1.89,179,4,6750,1831,449900
0,3.0,2,0.9,60,4,6756,1578,725000
0,4.0,2,0.22,176,4,6790,1561,164900
0,5.0,1,70.7,46,4,6793,1257,8200000
1,4.0,2,0.46,60,4,6756,1823,339000
0,2.0,2,0.11,176,4,6790,1168,174500
0,3.0,2,1.0,171,4,6058,1144,425000
0,4.0,1,0.23,176,4,6790,1505,194000
0,3.0,2,2.46,180,4,6763,1185,574900
0,2.0,1,6.03,182,4,6031,1882,640000
0,2.0,2,0.45,182,4,6031,1924,785000
0,1.0,2,0.26,176,4,6790,1165,215000
1,1.0,2,60.58,170,4,6098,1887,2900000
0,5.0,2,21.51,180,4,6763,1448,6295000
0,1.0,2,0.23,176,4,6790,1025,479900
0,5.0,2,19.0,185,4,6796,1368,2200000
0,5.0,2,1.3,174,4,6068,1465,925000
1,5.0,1,1.52,172,4,6018,1562,144900
1,4.0,2,0.14,180,4,6763,1979,400000
0,1.0,1,0.8,176,4,6790,1026,125000
0,2.0,1,6.0,186,4,6798,1957,599900
0,1.0,1,0.17,176,4,6790,1883,210000
0,2.0,2,5.03,179,4,6759,1214,544900
1,4.0,2,0.96,60,4,6756,1491,725000
1,1.0,1,0.07,176,4,6790,1737,199900
0,5.0,1,6.44,174,4,6039,1846,2450000
1,2.0,1,75.0,182,4,6031,1555,999999
1,1.0,1,1.09,179,4,6778,1501,79950
1,3.0,2,0.46,174,4,6039,1676,749000
1,1.0,1,10.5,175,4,6069,1941,589777
0,1.0,2,7.98,179,4,6759,1227,1099000
0,3.0,1,3.74,180,4,6763,1508,539900
1,3.0,2,1.15,179,4,6759,1201,449900
0,2.0,2,0.16,176,4,6790,1920,129900
0,5.0,1,3.52,172,4,6018,1967,250000
1,4.0,1,1.97,172,4,6018,1264,399000
0,1.0,1,17.5,172,4,6018,1877,430000
0,3.0,1,0.58,172,4,6018,1207,215000
0,3.0,1,0.14,176,4,6790,1391,145000
1,3.0,1,0.71,170,4,6098,1040,295000
0,4.0,2,4.89,185,4,6754,1159,895000
1,5.0,1,87.5,186,4,6798,2700,999000
0,1.0,1,0.48,186,4,6798,1597,374000
1,4.0,1,2.73,186,4,6798,1305,549000
1,5.0,1,0.48,172,4,6018,1398,345000
1,3.0,2,0.99,60,4,6756,1938,579900
0,5.0,1,28.0,179,4,6759,1718,399000
0,3.0,2,1.5,179,4,6759,1943,579900
0,5.0,2,0.23,176,4,6790,1250,160000
0,3.0,2,40.1,171,4,6058,1355,1745000
0,5.0,2,0.9,170,4,6098,1998,225000
1,5.0,1,0.44,177,4,6779,1759,285000
0,2.0,2,1.1,181,4,6787,1755,368500
1,5.0,2,0.24,177,4,6779,1654,249900
1,4.0,1,0.32,176,4,6790,1132,193900
0,3.0,1,0.16,176,4,6790,1642,209900
1,3.0,2,9.5,182,4,6031,1618,825000
1,4.0,1,80.0,182,4,6031,1272,2200000
1,1.0,1,3.41,180,4,6763,1056,1500000
1,4.0,2,0.89,179,4,6759,1662,1850000
0,5.0,2,0.09,176,4,6790,1985,139000
0,3.0,1,2.2,179,4,6759,1621,760000
0,4.0,1,3.1,178,4,6751,1154,565000
0,5.0,1,4.75,60,4,6756,1179,650000
0,3.0,1,0.5,177,4,6795,1396,380000
0,4.0,1,2.91,187,4,6754,1288,899000
1,5.0,1,0.21,176,4,6790,1767,199900
1,1.0,1,88.79,185,4,6031,1929,1200000
0,4.0,2,0.18,176,4,6790,1279,130000
0,3.0,1,7.39,60,4,6756,1067,140000
1,3.0,1,6.24,60,4,6756,1710,158000
0,2.0,2,0.27,178,4,6751,1968,289900
1,3.0,1,3.6,175,4,6069,1312,325000
0,3.0,2,1.69,60,4,6756,1148,545000
0,4.0,2,0.46,179,4,6759,1603,325000
0,4.0,2,1.94,176,4,6790,1542,149900
0,3.0,2,0.24,176,4,6790,1966,149900
1,5.0,1,0.38,176,4,6790,1485,244900
0,3.0,1,0.21,176,4,6790,1341,189900
0,4.0,1,1.74,177,4,6795,1047,249900
1,5.0,1,0.2,176,4,6790,1566,229000
1,2.0,1,1.89,179,4,6759,1838,429999
0,4.0,1,7.0,182,4,6031,1805,645000
0,2.0,1,5.35,177,4,6795,1297,795000
0,4.0,1,22.97,174,4,6039,1039,4995000
1,2.0,1,0.44,176,4,6790,1693,209900
0,2.0,1,0.93,60,4,6756,1499,644900
0,2.0,1,5.0,60,4,6756,1474,999500
0,2.0,2,0.58,177,4,6779,1164,149900
1,4.0,1,9.24,174,4,6068,1223,2245000
0,3.0,1,3.8,46,4,6793,1342,2375000
0,3.0,2,0.69,176,4,6790,1468,142900
0,5.0,2,0.26,176,4,6790,1561,220000
1,3.0,2,9.9,179,4,6759,1416,1350000
0,3.0,2,0.23,176,4,6790,1086,229900
0,4.0,2,0.35,176,4,6790,1617,225000
1,2.0,2,7.99,188,4,6762,1328,2750000
0,5.0,2,0.6,179,4,6759,1438,565000
1,1.0,1,2.09,179,4,6759,1823,2475000
1,4.0,1,15.46,174,4,6068,1812,625000
1,1.0,2,5.17,174,4,6039,1503,2875000
0,3.0,1,0.8,172,4,6018,1570,684900
0,4.0,2,1.0,184,4,6791,1646,199900
0,5.0,1,3.66,176,4,6790,1393,280000
0,3.0,1,0.41,177,4,6795,1396,205000
0,1.0,2,0.33,176,4,6790,1875,180000
1,1.0,2,2.62,171,4,6058,1071,875000
0,4.0,2,0.35,176,4,6790,1895,40000
0,2.0,1,0.37,184,4,6791,1091,239000
1,2.0,2,0.13,176,4,6790,1679,225000
0,2.0,2,0.23,176,4,6790,1748,209900
0,4.0,1,56.42,180,4,6763,1503,649000
1,1.0,1,0.37,176,4,6790,1798,249900
0,2.0,1,31.08,175,4,6069,1412,2850000
1,2.0,1,0.11,176,4,6790,1032,249900
0,5.0,2,1.61,179,4,6759,1143,359900
0,2.0,1,4.6,185,4,6754,1527,495000
0,1.0,1,0.91,60,4,6756,1884,695000
1,5.0,1,2.7,178,4,6751,1575,475000
0,1.0,1,0.26,176,4,6790,1006,224900
0,4.0,1,0.26,176,4,6790,1296,242900
0,4.0,2,0.83,60,4,6756,1796,139900
0,2.0,1,0.28,177,4,6795,1769,299900
1,3.0,1,43.85,178,4,6751,1510,1200000
0,2.0,2,17.41,60,4,6756,1124,1550000
0,1.0,1,0.19,176,4,6790,1570,239900
1,4.0,2,5.42,174,4,6039,1401,225000
0,4.0,2,0.11,176,4,6790,1156,99900
0,4.0,1,0.23,172,4,6018,1284,288500
0,2.0,2,0.28,177,4,6795,1982,374800
1,2.0,2,4.83,182,4,6031,1896,725000
0,5.0,1,0.19,176,4,6790,1316,187900
0,4.0,2,1.61,178,4,6751,1833,129000
1,2.0,1,11.92,184,4,6791,1518,925000
0,3.0,2,28.0,174,4,6039,1420,4995000
0,5.0,1,6.32,60,4,6756,1577,999900
0,5.0,2,276.5,185,4,6796,1369,5998000
1,2.0,1,3.31,60,4,6756,1982,1691400
0,5.0,2,1.59,174,4,6068,1891,585000
1,3.0,2,0.25,176,4,6790,1873,115000
0,5.0,1,1.8,178,4,6751,1952,243800
0,3.0,2,7.35,60,4,6756,1423,92000
1,5.0,2,2.75,177,4,6795,1398,399900
0,4.0,1,0.18,176,4,6790,1228,199900
1,3.0,2,0.96,60,4,6756,1380,675000
0,5.0,1,1.46,174,4,6039,1959,2345000
1,5.0,2,0.87,60,4,6756,1696,619000
0,2.0,2,0.98,177,4,6795,1375,299900
1,4.0,2,0.08,176,4,6790,1561,169900
0,1.0,2,1.69,177,4,6795,1420,360000
1,5.0,2,0.32,177,4,6795,1895,359900
1,5.0,1,0.2,177,4,6795,1855,127200
0,1.0,2,20.0,179,4,6759,1756,1850000
0,1.0,2,0.93,177,4,6795,1868,449900
0,2.0,1,4.43,186,4,6798,1801,1250000
1,4.0,2,11.81,174,4,6068,1058,695000
1,5.0,2,0.45,179,4,6778,1966,90000
0,1.0,2,0.24,177,4,6795,1961,224900
0,3.0,1,5.37,60,4,6756,1996,120000
0,2.0,1,1.23,177,4,6795,1824,369000
0,5.0,2,2.1,180,4,6763,1167,1177000
1,5.0,1,2.14,178,4,6751,1475,1275000
0,2.0,1,0.47,177,4,6795,1612,239900
0,4.0,1,8.12,170,4,6098,1471,1175000
1,3.0,2,5.89,60,4,6756,1566,925000
0,4.0,1,0.78,179,4,6759,1025,684900
1,4.0,2,9.18,174,4,6039,1208,445500
1,3.0,2,14.6,174,4,6039,1266,625000
0,3.0,2,58.29,179,4,6759,1380,1200000
0,2.0,2,0.07,171,4,6058,1674,122500
1,4.0,1,0.13,184,4,6791,1157,159000
0,2.0,1,1.01,172,4,6018,1075,275000
0,4.0,2,0.69,180,4,6763,1636,237000
1,3.0,1,0.12,176,4,6790,1005,189900
0,4.0,2,0.14,176,4,6790,1231,350000
1,3.0,2,0.31,176,4,6790,1039,269500
0,5.0,1,5.63,187,4,6754,1613,399000
0,3.0,1,0.17,177,4,6779,1141,229900
0,5.0,2,0.08,176,4,6790,1539,229900
1,4.0,1,0.91,60,4,6756,1762,595000
0,3.0,1,1.02,179,4,6759,1875,850000
1,4.0,2,0.89,179,4,6759,1370,649900
1,3.0,2,0.71,179,4,6759,1937,649900
0,3.0,1,1.35,179,4,6759,1574,577900
0,5.0,1,1.95,179,4,6759,1069,684900
0,5.0,1,0.25,176,4,6790,1082,314900
1,3.0,1,0.26,176,4,6790,1600,189900
0,3.0,1,0.73,181,4,6787,1960,289900
0,4.0,1,2.41,178,4,6751,1044,350000
0,2.0,2,1.2,176,4,6790,1545,224900
0,5.0,1,0.23,174,4,6039,1592,595000
1,3.0,1,0.55,177,4,6795,1510,479900
1,2.0,1,0.57,182,4,6031,1958,369000
1,2.0,1,1.52,179,4,6750,1042,499000
0,4.0,2,0.85,176,4,6790,1256,190000
1,2.0,1,0.69,177,4,6795,1823,349900
0,3.0,2,2.6,185,4,6796,1216,1150000
1,1.0,2,0.29,177,4,6795,1221,209999
0,1.0,2,2.6,172,4,6024,1460,479000
0,5.0,2,0.22,176,4,6790,1616,209900
0,1.0,2,0.27,176,4,6790,1919,299900
0,3.0,1,0.88,176,4,6790,1105,329900
0,2.0,1,0.17,176,4,6790,1950,219900
0,5.0,2,0.14,176,4,6790,1938,167000
0,5.0,2,0.17,177,4,6795,1926,199900
0,4.0,1,2.59,170,4,6098,1840,349900
1,2.0,1,0.36,176,4,6790,1700,310000
0,2.0,1,29.5,179,4,6759,1049,5900000
0,2.0,1,1.5,179,4,6759,1230,464000
1,2.0,1,550.0,185,4,6753,1723,10000000
0,3.0,1,0.2,176,4,6790,1159,220000
1,3.0,2,1.92,177,4,6795,1497,563900
0,5.0,1,0.96,177,4,6795,1739,139900
0,4.0,2,0.35,176,4,6790,1425,250000
1,3.0,2,1.68,186,4,6798,1565,899900
1,3.0,1,1.15,177,4,6795,1657,239900
0,1.0,2,23.0,172,4,6024,1599,230000
1,4.0,2,0.41,176,4,6790,1131,285000
1,3.0,2,2.93,176,4,6790,1152,500000
0,3.0,1,0.16,170,4,6098,1375,129000
0,2.0,1,0.99,186,4,6798,1845,215000
1,2.0,1,0.31,176,4,6790,1071,129900
1,1.0,1,3.68,177,4,6795,1561,109000
1,2.0,2,1.55,178,4,6751,1508,665000
0,2.0,1,0.62,177,4,6795,1621,479900
1,3.0,2,0.39,177,4,6795,1527,288000
0,3.0,1,0.58,177,4,6795,1287,283900
0,2.0,1,0.11,176,4,6790,1974,365000
0,2.0,2,0.11,177,4,6795,1622,225000
1,5.0,1,0.37,177,4,6795,1967,134000
1,4.0,1,1.52,176,4,6790,1834,132900
0,5.0,1,0.17,176,4,6790,1919,130000
1,5.0,2,0.92,179,4,6759,1834,334900
0,1.0,2,2.87,179,4,6759,1462,399900
1,1.0,2,10.0,60,4,6756,1761,825000
0,2.0,1,0.3,177,4,6795,1320,159000
0,1.0,1,1.83,179,4,6759,1600,499000
0,1.0,1,1.1,177,4,6795,1282,395000
1,2.0,1,1.33,179,4,6759,1080,2475000
1,3.0,1,17.28,179,4,6759,1356,1280000
1,5.0,1,3.73,171,4,6058,1284,695000
0,5.0,2,41.0,182,4,6031,1928,995000
1,4.0,2,35.0,175,4,6069,1621,2675000
0,4.0,1,5.37,174,4,6068,1280,2695000
1,5.0,2,0.35,176,4,6790,1706,229000
0,5.0,1,0.27,176,4,6790,1644,195000
0,4.0,1,0.39,177,4,6795,1588,359900
0,1.0,1,1.23,60,4,6756,1887,599000
1,1.0,1,0.39,174,4,6068,1850,695000
1,4.0,1,0.27,176,4,6790,1174,230000
0,5.0,1,0.76,177,4,6795,1340,339900
0,5.0,1,0.19,176,4,6790,1915,150000
1,5.0,1,6.09,174,4,6068,1661,1795000
1,5.0,2,0.12,176,4,6790,1196,159900
1,4.0,2,0.32,176,4,6790,1906,200000
0,4.0,1,10.68,180,4,6763,1989,749000
0,3.0,2,0.14,176,4,6790,1529,375000
0,4.0,2,55.0,170,4,6098,1968,550000
0,1.0,2,0.15,176,4,6790,1074,239900
1,2.0,2,0.47,176,4,6790,1856,245000
0,4.0,2,0.15,177,4,6779,1231,219926
1,1.0,2,0.26,177,4,6795,1404,269900
1,4.0,1,0.56,177,4,6795,1327,325000
0,3.0,2,25.96,178,4,6751,1693,775000
1,4.0,1,2.54,177,4,6795,1732,1375000
0,4.0,2,0.22,176,4,6790,1945,249900
0,4.0,2,2.07,174,4,6039,1871,825000
0,4.0,2,0.23,180,4,6763,1148,699000
0,4.0,2,22.33,171,4,6058,1324,1350000
1,1.0,2,0.92,60,4,6756,2523,185000
0,3.0,2,1.33,172,4,6024,1681,260000
1,5.0,1,0.26,176,4,6790,1371,234900
1,5.0,1,6.2,179,4,6759,1386,385000
1,1.0,2,0.33,176,4,6790,1867,205000
0,5.0,1,2.03,178,4,6751,1545,390900
1,3.0,2,0.17,176,4,6790,1999,379900
1,1.0,2,0.41,177,4,6795,1655,234900
1,2.0,1,0.79,177,4,6795,1254,399000
0,3.0,1,2.98,171,4,6058,1704,985000
0,3.0,1,1.74,177,4,6795,1361,320000
0,5.0,1,0.6,186,4,6798,1215,450000
1,3.0,2,0.21,176,4,6790,1232,199900
0,1.0,1,1.03,60,4,6756,1148,849000
0,5.0,1,0.62,181,4,6787,1250,324900
1,1.0,1,2.23,60,4,6756,1276,484788
0,3.0,1,0.75,172,4,6018,1907,420000
1,2.0,1,0.46,176,4,6790,1678,249900
0,1.0,2,0.88,176,4,6790,1365,239900
0,4.0,2,0.23,176,4,6790,1457,126500
1,4.0,1,0.93,177,4,6795,1529,424000
0,3.0,2,14.11,178,4,6751,1828,1450000
0,4.0,1,0.1,176,4,6790,1643,229900
0,1.0,1,0.65,176,4,6790,1893,275000
1,1.0,2,9.0,171,4,6058,1520,1050000
1,2.0,1,0.1,176,4,6790,1170,210000
0,4.0,1,0.28,180,4,6763,1013,995000
0,3.0,1,0.34,176,4,6790,1573,219000
0,1.0,1,0.34,177,4,6795,1019,289900
0,1.0,2,2.0,179,4,6759,1972,285500
0,4.0,2,0.29,177,4,6795,1978,230000
0,5.0,2,0.3,176,4,6790,1139,219900
1,4.0,1,0.1,176,4,6790,1292,189900
1,1.0,2,1.84,179,4,6778,1079,449900
1,1.0,1,2.0,179,4,6759,1346,599000
1,3.0,1,0.16,176,4,6790,1247,340000
0,5.0,2,1.1,60,4,6756,1075,600000
0,4.0,2,2.9,188,4,6762,1333,1125000
0,1.0,2,3.81,172,4,6018,1249,425000
0,4.0,2,0.68,177,4,6795,1929,425000
1,3.0,2,0.31,177,4,6795,1620,249900
1,2.0,2,1.18,174,4,6039,1432,1395000
1,1.0,1,0.85,177,4,6795,1913,229900
1,1.0,2,0.87,60,4,6756,1665,515000
0,5.0,2,2.32,186,4,6798,1484,152000
0,4.0,2,2.1,181,4,6787,1104,315000
1,3.0,1,0.29,176,4,6790,1734,205000
0,5.0,2,0.17,176,4,6790,1892,160000
0,2.0,2,0.26,177,4,6795,1788,229900
0,1.0,1,10.0,60,4,6756,1459,1095000
0,5.0,2,0.36,177,4,6795,1747,235000
1,2.0,1,9.23,186,4,6798,1243,749000
1,3.0,2,0.15,176,4,6790,1857,179000
0,5.0,1,3.06,179,4,6750,1210,324900
0,4.0,1,0.06,176,4,6790,1252,186900
1,3.0,1,0.6,175,4,6069,1772,1225000
0,2.0,2,14.63,172,4,6018,1767,175800
0,1.0,1,1.4,172,4,6018,1510,468000
0,1.0,1,474.0,174,4,6068,1488,15750000
0,2.0,1,0.35,172,4,6018,1556,299000
0,2.0,1,6.03,182,4,6031,1109,640000
0,1.0,2,1.3,174,4,6068,1564,925000
1,5.0,2,1.75,172,4,6018,1917,144900
0,4.0,2,1.97,172,4,6018,1274,399000
0,3.0,1,17.5,172,4,6018,1365,430000
0,4.0,2,0.58,172,4,6018,1980,215000
0,3.0,2,3.52,172,4,6018,1458,250000
1,2.0,1,0.48,172,4,6018,1528,345000
0,4.0,2,80.0,182,4,6031,1545,2200000
0,4.0,2,0.8,172,4,6018,1284,684900
0,1.0,1,0.23,172,4,6018,1828,288500
1,1.0,2,11.81,174,4,6068,1751,695000
1,3.0,2,1.01,172,4,6018,1358,275000
0,1.0,2,23.0,172,4,6024,1070,230000
0,2.0,1,1.33,172,4,6024,1710,260000
0,3.0,1,0.75,172,4,6018,1476,420000
1,5.0,1,3.81,172,4,6018,1277,425000
0,5.0,1,14.81,169,4,6063,1599,57000
0,3.0,1,82.0,170,4,6098,1650,995000
1,2.0,1,1.39,170,4,6098,1473,64000
0,3.0,1,63.0,170,4,6098,1902,499000
1,1.0,2,0.56,171,4,6058,1233,50000
1,5.0,1,14.45,185,4,6796,1370,190000
0,1.0,1,16.66,182,4,6031,1147,119000
0,3.0,1,1.22,174,4,6039,1547,115000
0,5.0,2,9.0,170,4,6098,1059,59900
1,5.0,1,0.92,170,4,6098,1461,54000
1,1.0,2,4.71,169,4,6063,1245,55900
1,4.0,2,14.63,172,4,6018,1297,175800
1,5.0,2,2.65,182,4,6031,1314,99900
1,3.0,1,47.17,60,4,6756,1614,475000
1,2.0,2,0.21,170,4,6098,1822,59900
0,4.0,2,0.29,170,4,6098,1354,40000
0,2.0,2,1.1,175,4,6069,1927,485000
0,4.0,1,1.4,172,4,6018,1887,468000
0,4.0,2,13.8,170,4,6098,1538,365000
0,2.0,1,7.23,174,4,6039,1198,895000
0,1.0,2,0.25,170,4,6098,1019,149000
0,2.0,2,474.0,174,4,6068,1554,15750000
0,1.0,1,0.58,174,4,6068,1077,550000
1,1.0,2,63.0,170,4,6098,1536,299900
1,4.0,1,0.12,170,4,6098,1662,735000
1,2.0,2,57.0,170,4,6098,1296,430000
0,3.0,2,1.01,174,4,6068,1021,395000
0,5.0,1,0.46,60,4,6756,1705,339000
0,2.0,2,2.33,170,4,6098,1058,329000
1,3.0,1,3.68,183,4,6021,1424,40000
0,5.0,2,0.35,172,4,6018,1700,299000
0,5.0,2,450.95,185,4,6753,1957,14995000
0,2.0,2,0.8,174,4,6039,1590,499000
0,1.0,1,0.19,170,4,6098,1036,175000
1,1.0,1,1.5,176,4,6790,1036,125000
1,2.0,1,0.21,170,4,6098,1078,140000
0,1.0,2,53.94,169,4,6063,1764,299900
0,2.0,1,0.6,174,4,6039,1787,895000
1,2.0,2,6.03,182,4,6031,1143,640000
0,4.0,1,1.0,171,4,6058,1858,425000
0,5.0,2,7.87,183,4,6021,1033,745000
0,1.0,1,0.45,182,4,6031,1842,785000
1,4.0,2,85.0,174,4,6068,1153,11890000
0,4.0,1,46.28,183,4,6021,1724,1095000
0,3.0,2,6.44,174,4,6039,1590,2450000
0,4.0,2,60.58,170,4,6098,1495,2900000
0,4.0,2,1.3,174,4,6068,1642,925000
1,2.0,2,75.0,182,4,6031,1508,999999
0,3.0,1,0.58,172,4,6018,1947,215000
0,5.0,1,1.97,172,4,6018,1733,399000
0,2.0,2,40.1,171,4,6058,1918,1745000
0,1.0,1,1.97,172,4,6018,1704,144900
0,4.0,2,0.16,170,4,6098,1307,169900
0,1.0,2,0.9,170,4,6098,1729,225000
0,3.0,2,0.23,170,4,6098,1291,225000
1,2.0,1,3.52,172,4,6018,1521,250000
0,2.0,2,0.46,174,4,6039,1969,749000
1,5.0,1,17.5,172,4,6018,1475,430000
0,2.0,2,0.14,170,4,6098,1955,279000
0,5.0,2,0.71,170,4,6098,1652,295000
0,1.0,2,0.48,172,4,6018,1600,345000
0,2.0,1,9.5,182,4,6031,1030,825000
0,1.0,1,0.3,170,4,6098,1064,140000
1,4.0,2,80.0,182,4,6031,1587,2200000
0,5.0,1,6.53,183,4,6021,1892,339900
0,5.0,1,2.1,183,4,6021,1889,255000
0,3.0,2,3.6,175,4,6069,1008,325000
0,5.0,2,4.13,170,4,6098,1977,299900
0,1.0,1,0.8,172,4,6018,1278,684900
0,5.0,2,0.11,170,4,6098,1708,154500
0,2.0,2,1.2,173,4,6057,1356,264800
0,3.0,1,5.42,174,4,6039,1373,225000
0,5.0,1,0.43,170,4,6098,1327,189000
0,1.0,2,4.83,182,4,6031,1954,725000
1,3.0,2,22.97,174,4,6039,1462,4995000
0,3.0,1,4.75,60,4,6756,1018,650000
1,2.0,1,2.62,171,4,6058,1245,875000
1,4.0,2,7.0,182,4,6031,1861,645000
0,2.0,2,1.44,173,4,6057,1713,775000
0,5.0,2,6.32,60,4,6756,1763,999900
0,5.0,1,15.46,174,4,6068,1657,625000
1,3.0,1,9.24,174,4,6068,1801,2245000
0,1.0,1,0.28,170,4,6098,1848,249500
0,5.0,2,1.36,174,4,6068,1950,585000
0,4.0,2,88.79,185,4,6031,1447,1200000
0,1.0,2,5.17,174,4,6039,1778,2875000
0,1.0,2,1.01,172,4,6018,1142,275000
0,5.0,1,0.07,171,4,6058,1213,122500
0,2.0,2,0.23,172,4,6018,1326,288500
0,2.0,2,0.44,176,4,6790,1809,164900
1,1.0,2,0.57,182,4,6031,1092,369000
1,3.0,1,3.8,170,4,6098,1367,53900
0,2.0,2,0.35,170,4,6098,1443,175000
1,4.0,2,0.25,170,4,6098,1982,178200
0,2.0,1,0.34,170,4,6098,1304,269900
0,2.0,1,0.23,174,4,6039,1889,595000
1,2.0,2,8.12,170,4,6098,1455,1175000
0,1.0,2,28.0,174,4,6039,1199,4995000
0,3.0,1,1.46,174,4,6039,1407,2345000
0,4.0,2,27.13,170,4,6098,1599,680000
1,5.0,1,2.6,185,4,6796,1702,1150000
0,2.0,1,2.6,172,4,6024,1998,479000
0,5.0,2,9.18,174,4,6039,1258,445500
0,3.0,2,14.6,174,4,6039,1699,625000
0,5.0,1,11.81,174,4,6068,1887,695000
0,3.0,1,5.95,183,4,6021,1917,199900
1,1.0,1,0.35,176,4,6790,1431,229000
1,3.0,1,23.0,172,4,6024,1544,230000
0,3.0,2,1.1,176,4,6790,1408,329900
1,4.0,2,0.26,170,4,6098,1661,169000
1,5.0,2,0.42,170,4,6098,1438,257500
0,3.0,2,2.59,170,4,6098,1716,349900
0,4.0,1,0.16,170,4,6098,1627,129000
0,1.0,2,1.33,173,4,6057,1007,224500
0,4.0,1,2.07,174,4,6039,1716,825000
1,1.0,2,0.39,174,4,6068,1785,695000
0,1.0,2,55.0,170,4,6098,1870,550000
0,1.0,1,3.73,171,4,6058,1060,695000
0,2.0,2,41.0,182,4,6031,1412,995000
0,4.0,2,0.13,170,4,6098,1911,100000
1,4.0,2,22.33,171,4,6058,1515,1350000
1,1.0,2,0.07,170,4,6098,1747,199900
0,1.0,2,5.37,174,4,6068,1202,2695000
0,5.0,2,6.09,174,4,6068,1847,1795000
0,4.0,1,1.91,150,4,6088,1684,49000
0,1.0,2,3.68,189,4,6232,1969,52000
0,1.0,2,4.18,190,4,6415,1660,59900
0,1.0,2,5.1,191,4,6043,1250,69900
0,4.0,2,0.39,168,4,6457,1426,130000
0,3.0,1,0.38,192,4,6416,1524,235000
0,3.0,2,3.0,193,4,6026,1918,754900
0,3.0,1,1.48,153,4,6084,1026,39900
0,3.0,2,11.87,150,4,6016,1176,269900
1,5.0,1,56.9,194,4,6037,1569,595000
0,5.0,2,49.5,154,4,6029,1406,325000
0,1.0,2,1.4,156,4,6096,1734,269900
0,5.0,1,0.23,195,4,6106,1685,35000
0,5.0,2,0.23,195,4,6106,1415,35000
1,4.0,2,5.88,149,4,6071,1222,89900
1,5.0,2,31.99,196,4,6424,1206,558000
0,3.0,2,2.36,162,4,6117,1063,749900
0,2.0,2,3.47,190,4,6415,1696,57900
0,2.0,1,5.28,153,4,6084,1441,95000
0,2.0,1,5.52,153,4,6084,1105,90000
0,2.0,1,4.43,153,4,6084,1702,85000
1,5.0,2,1.91,197,4,6480,1307,120000
0,4.0,1,5.13,153,4,6084,1890,97500
0,4.0,2,0.93,147,4,6078,1130,175000
1,1.0,2,2.43,153,4,6084,1606,85000
0,1.0,1,2.44,198,4,6231,1051,79000
0,5.0,2,1.64,197,4,6480,1544,99900
0,3.0,2,2.32,199,4,6492,1693,89900
0,5.0,1,2.08,153,4,6084,1016,85000
1,1.0,1,3.79,155,4,6074,1178,100000
1,5.0,2,1.74,153,4,6084,1116,111000
0,5.0,1,1.91,153,4,6084,1166,85000
1,4.0,1,1.51,153,4,6084,1257,85000
0,1.0,2,1.67,153,4,6084,1342,97500
1,4.0,1,0.5,197,4,6480,1591,100000
1,5.0,2,0.13,195,4,6120,1394,234000
0,1.0,1,0.55,164,4,6040,1693,449900
0,3.0,1,1.14,196,4,6424,1268,399900
0,2.0,1,0.88,198,4,6248,1826,239900
0,1.0,2,9.2,200,4,6416,1886,249900
0,3.0,2,8.84,11,4,6035,1812,199000
1,5.0,2,150.59,201,4,6076,1592,799900
0,1.0,2,5.14,153,4,6084,1275,90000
1,1.0,2,2.23,165,4,6111,1612,100000
0,4.0,2,0.36,148,4,6082,1969,449900
0,4.0,2,2.3,202,4,6033,1755,139900
0,2.0,1,1.39,148,4,6082,1829,479900
0,4.0,2,1.31,148,4,6082,1988,484900
1,3.0,2,2.36,199,4,6492,1855,150000
1,2.0,1,5.58,11,4,6035,1350,800000
0,5.0,2,4.65,203,4,6447,1376,79900
0,3.0,2,21.0,34,4,6095,1415,1575000
1,2.0,2,0.73,165,4,6111,1832,275000
0,1.0,1,1.5,196,4,6424,1933,73000
1,5.0,1,0.44,165,4,6111,1826,275000
1,1.0,1,40.75,199,4,6492,1807,989000
1,2.0,2,1.17,168,4,6457,1075,110000
1,2.0,1,1.0,157,4,6469,1554,74800
1,5.0,2,1.0,157,4,6469,1087,74800
0,5.0,1,1.38,168,4,6457,1481,100000
1,3.0,1,1.78,153,4,6084,1540,85000
0,2.0,2,1.48,153,4,6084,1122,85000
1,2.0,2,0.8,168,4,6457,1216,134800
1,4.0,1,1.48,153,4,6084,1207,130000
0,5.0,2,1.4,153,4,6084,1384,85000
1,1.0,1,1.14,149,4,6071,1623,75000
1,4.0,1,1.32,153,4,6029,1617,110000
1,5.0,2,1.27,153,4,6029,1198,110000
0,4.0,2,1.27,153,4,6029,1932,110000
1,1.0,2,1.29,153,4,6029,1083,110000
1,1.0,2,0.25,197,4,6480,1353,79900
1,4.0,1,0.51,161,4,6109,1472,439000
0,5.0,1,0.5,198,4,6248,1864,300900
0,3.0,2,0.73,153,4,6084,1278,359999
1,5.0,1,0.19,195,4,6112,1457,175000
1,1.0,2,0.18,195,4,6120,1170,220000
1,3.0,1,0.61,159,4,6002,1679,159900
0,1.0,1,0.34,164,4,6040,1444,181900
0,4.0,2,0.1,195,4,6112,1598,239000
0,3.0,2,13.76,204,4,6237,1647,69900
1,2.0,2,1.4,150,4,6088,1378,349900
1,2.0,1,0.2,163,4,6051,1397,345000
0,3.0,2,0.71,150,4,6016,1430,439900
1,2.0,1,0.2,163,4,6051,1955,349000
0,3.0,2,0.18,195,4,6120,1679,24900
1,1.0,1,1.08,167,4,6118,1906,389999
1,1.0,1,1.54,34,4,6095,1020,304900
0,1.0,2,1.34,34,4,6095,1260,304900
0,3.0,1,2.4,193,4,6026,1830,579900
1,1.0,2,4.97,196,4,6424,1381,120000
0,3.0,2,0.87,196,4,6424,1376,449900
0,1.0,2,3.44,197,4,6480,1726,150000
0,5.0,2,6.5,193,4,6026,1620,180000
0,4.0,1,3.4,149,4,6071,1278,149900
1,4.0,2,16.46,159,4,6002,1393,275000
1,4.0,1,21.5,11,4,6035,1913,1200000
0,5.0,2,1.86,149,4,6071,1698,385000
0,5.0,1,2.1,205,4,6441,1833,125000
0,2.0,2,1.03,167,4,6118,1922,399900
0,1.0,1,1.84,202,4,6073,1773,279900
0,2.0,2,8.04,165,4,6111,1735,1999900
0,2.0,2,0.04,195,4,6120,1663,55000
1,1.0,2,0.17,195,4,6112,1635,119999
0,1.0,1,0.26,195,4,6106,1472,40000
0,4.0,1,0.18,195,4,6114,1990,70000
1,4.0,1,0.17,195,4,6106,1597,99900
1,1.0,1,0.23,163,4,6053,1240,45000
0,4.0,1,0.38,195,4,6112,1776,40000
0,3.0,2,2.54,155,4,6074,1968,19900
0,4.0,2,4.1,155,4,6074,1610,250000
1,1.0,2,2.6,205,4,6441,1080,170000
1,3.0,1,0.23,191,4,6043,1803,169900
0,4.0,1,1.24,205,4,6441,1256,275000
1,4.0,2,1.1,206,4,6437,1876,260000
0,4.0,2,2.62,196,4,6424,1052,43000
0,5.0,1,6.7,150,4,6016,1301,229900
0,3.0,2,3.17,197,4,6480,1355,399900
0,5.0,2,2.0,195,4,6114,1592,75000
0,3.0,2,0.19,168,4,6457,1968,160000
0,4.0,1,4.5,155,4,6074,1984,265000
1,1.0,1,0.83,167,4,6118,1575,54900
0,2.0,2,2.06,147,4,6078,1625,539000
1,4.0,1,0.48,154,4,6029,1134,219900
1,1.0,2,10.36,204,4,6237,1512,140000
1,1.0,2,2.02,166,4,6001,1900,599900
0,3.0,2,1.67,149,4,6071,1336,55000
1,2.0,2,0.16,151,4,6066,1164,229000
1,1.0,1,0.69,196,4,6424,1317,52900
0,1.0,2,1.91,202,4,6033,1691,99900
0,3.0,2,0.2,34,4,6095,1775,339900
0,1.0,1,0.22,163,4,6051,1183,319900
0,4.0,2,0.28,164,4,6040,1517,249900
1,1.0,2,0.3,163,4,6051,1042,219900
0,4.0,2,0.26,163,4,6052,1444,324900
1,2.0,2,0.17,195,4,6112,1987,259900
0,5.0,2,0.14,195,4,6106,1726,319000
0,1.0,1,35.6,11,4,6035,1367,375000
1,4.0,2,2.12,168,4,6457,1643,115000
1,3.0,2,3.8,167,4,6118,1867,250000
0,5.0,1,2.06,160,4,6422,1598,125000
0,3.0,1,1.84,202,4,6073,1655,199900
0,1.0,2,0.2,34,4,6095,1386,369900
0,2.0,2,0.58,34,4,6095,1824,309900
0,2.0,2,2.0,207,4,6032,1258,477900
0,5.0,2,0.26,207,4,6032,1126,482900
0,4.0,2,7.96,167,4,6118,1143,350000
1,1.0,1,0.32,194,4,6037,1544,389900
0,3.0,2,73.64,160,4,6422,1369,1100000
0,5.0,2,1.13,149,4,6071,1149,350000
0,2.0,1,0.8,161,4,6109,1090,289900
0,1.0,1,0.14,164,4,6040,1071,179900
0,1.0,1,9.07,207,4,6032,1660,3850000
1,5.0,1,1.98,195,4,6114,1036,34900
1,4.0,1,0.84,154,4,6029,1729,136000
0,2.0,2,1.38,208,4,6450,1696,164900
0,5.0,1,0.84,167,4,6118,1474,35000
0,1.0,2,0.17,163,4,6051,1348,319900
0,2.0,2,0.18,163,4,6051,1311,285000
1,5.0,2,3.04,196,4,6424,1815,64900
1,3.0,2,1.93,194,4,6037,1658,370000
0,4.0,2,0.18,163,4,6051,1846,259000
0,1.0,1,0.34,151,4,6066,1939,179900
0,4.0,1,0.31,164,4,6042,1869,250000
0,5.0,2,4.42,153,4,6084,1842,498000
0,5.0,1,0.63,164,4,6040,1406,69900
0,2.0,1,0.58,164,4,6040,1635,69900
0,2.0,2,0.52,164,4,6040,1648,69900
0,4.0,2,0.45,164,4,6040,1986,69900
0,5.0,2,0.46,164,4,6040,1895,69900
0,2.0,2,0.22,195,4,6120,1642,235900
1,1.0,1,0.22,195,4,6120,1266,235900
0,4.0,1,0.15,194,4,6037,1098,339900
0,2.0,1,0.14,163,4,6053,1777,317900
0,1.0,1,0.57,164,4,6040,1165,74900
0,4.0,1,0.53,164,4,6040,1033,74900
0,5.0,1,0.51,164,4,6040,1778,74900
0,4.0,1,0.22,195,4,6120,1445,240000
1,3.0,1,0.5,164,4,6040,1675,74900
0,5.0,1,1.13,194,4,6037,1318,329900
0,5.0,1,0.66,164,4,6040,1740,89900
1,4.0,1,0.58,164,4,6040,1131,89900
0,2.0,2,15.0,168,4,6457,1590,220000
0,5.0,1,1.2,148,4,6082,1843,469900
0,4.0,2,0.32,149,4,6071,1461,385000
0,2.0,1,99999.0,168,4,6457,1254,5700000
0,1.0,2,0.3,208,4,6450,1558,124900
0,2.0,2,0.18,195,4,6114,1807,150000
0,4.0,2,1.87,163,4,6051,1308,150000
1,5.0,1,0.24,195,4,6120,1165,275900
1,1.0,2,0.28,151,4,6066,1378,165000
0,4.0,1,0.73,167,4,6108,1058,224900
1,2.0,2,0.21,165,4,6111,1084,280000
0,3.0,2,1.33,164,4,6040,1479,649900
0,5.0,2,1.98,195,4,6112,1259,25000
1,2.0,1,0.34,151,4,6066,1949,50000
0,1.0,2,0.29,151,4,6066,1431,244900
0,4.0,1,2.75,201,4,6076,1623,39500
1,5.0,1,9.16,196,4,6424,1990,450000
1,1.0,2,0.24,163,4,6053,1658,159900
0,3.0,1,0.33,163,4,6053,1105,174900
0,2.0,1,0.14,167,4,6108,1330,195000
1,4.0,1,0.48,167,4,6118,1593,199900
0,1.0,2,1.64,159,4,6002,1311,55000
0,4.0,1,1.67,149,4,6071,1487,37500
0,2.0,1,2.51,168,4,6457,1727,314900
0,4.0,2,1.26,164,4,6042,1009,325000
0,4.0,1,0.12,163,4,6051,1444,185900
1,4.0,2,0.8,162,4,6117,1273,337900
1,5.0,1,1.1,202,4,6033,1291,799900
1,1.0,2,1.64,202,4,6033,1401,849999
0,1.0,2,2.96,149,4,6071,1563,89900
0,3.0,1,0.14,195,4,6120,1689,239900
0,3.0,1,0.24,208,4,6450,1357,259900
1,1.0,1,0.8,34,4,6095,1399,354900
0,1.0,2,0.23,163,4,6051,1495,285000
0,4.0,1,0.35,195,4,6106,1158,239900
1,1.0,1,0.13,163,4,6053,1172,240000
0,5.0,1,0.27,164,4,6040,1400,279000
0,5.0,2,0.15,195,4,6120,1378,249900
1,3.0,2,0.26,192,4,6416,1691,557262
0,3.0,1,0.28,192,4,6416,1317,655683
1,2.0,1,0.63,161,4,6109,1638,145000
1,2.0,2,1.03,196,4,6424,1409,575000
0,5.0,2,1.01,194,4,6037,1962,339900
1,2.0,2,1.06,195,4,6112,1425,250000
0,1.0,1,0.74,150,4,6088,1602,349900
1,2.0,1,0.58,167,4,6118,1869,75000
0,4.0,1,0.97,151,4,6066,1352,129900
0,3.0,2,0.26,192,4,6416,1834,562900
0,5.0,1,0.26,195,4,6105,1560,78000
1,4.0,2,0.25,192,4,6416,1931,604715
1,5.0,2,1.99,195,4,6105,1959,88000
0,5.0,2,0.95,153,4,6084,1278,599900
0,1.0,1,0.25,195,4,6105,1131,149900
0,2.0,1,0.29,163,4,6051,1589,265000
0,1.0,2,0.47,167,4,6118,1258,195000
0,4.0,1,0.83,208,4,6450,1151,264900
0,5.0,2,1.51,196,4,6424,1977,197000
1,2.0,2,0.16,167,4,6108,1185,299000
1,5.0,1,0.32,156,4,6096,1664,221000
0,4.0,1,0.28,159,4,6002,1417,245000
0,1.0,2,1.61,148,4,6082,1071,279900
1,5.0,1,0.51,163,4,6051,1795,1800000
0,3.0,1,9.16,168,4,6457,1446,389900
1,1.0,2,70.8,149,4,6071,1577,324900
0,5.0,2,0.69,163,4,6051,1624,53000
0,2.0,2,0.73,150,4,6088,1587,349900
0,1.0,1,0.35,163,4,6051,1550,53000
0,3.0,2,0.33,192,4,6416,1041,656037
0,1.0,1,0.27,163,4,6053,1247,1500000
0,5.0,2,0.35,161,4,6109,1372,399900
0,4.0,2,1.28,154,4,6029,1229,124900
1,2.0,1,0.46,200,4,6067,1594,139900
0,3.0,1,0.26,151,4,6066,1217,275000
0,3.0,1,0.1,208,4,6450,1401,99000
0,4.0,1,0.53,163,4,6052,1131,199900
0,3.0,2,0.23,159,4,6002,1614,125100
0,4.0,1,0.71,167,4,6108,1062,209900
0,1.0,1,1.03,156,4,6096,1373,97500
0,2.0,2,11.8,193,4,6026,1737,149900
1,3.0,2,0.64,147,4,6078,1786,248000
0,4.0,1,0.23,163,4,6053,1060,200000
1,5.0,1,1.8,194,4,6037,1238,349900
1,5.0,1,0.39,194,4,6037,1368,249900
0,2.0,2,0.28,163,4,6051,1121,115000
0,5.0,1,0.57,159,4,6002,1042,252000
0,1.0,1,0.21,195,4,6105,1521,224900
0,2.0,2,3.2,150,4,6016,1662,799900
0,2.0,2,0.52,161,4,6109,1086,639900
1,1.0,1,0.68,150,4,6016,1928,249900
0,4.0,2,0.27,162,4,6119,1239,799900
0,2.0,1,0.07,195,4,6106,1534,110000
0,4.0,2,0.36,159,4,6002,1302,240000
0,5.0,1,0.42,168,4,6457,1641,299900
1,4.0,1,3.03,148,4,6082,1821,495000
0,4.0,2,1.36,34,4,6095,1052,339999
1,2.0,2,1.26,153,4,6084,1197,65000
0,4.0,1,0.48,164,4,6040,1438,459900
1,3.0,2,0.24,208,4,6450,1704,239000
0,2.0,2,0.21,162,4,6110,1077,314900
0,2.0,2,0.14,168,4,6457,1046,280000
1,5.0,2,0.12,195,4,6112,1459,259900
0,4.0,2,8.01,207,4,6032,1970,400000
0,3.0,2,0.15,163,4,6051,1896,324900
1,3.0,2,0.13,195,4,6114,1697,289000
0,3.0,2,1.22,34,4,6095,1179,519900
1,3.0,1,0.17,162,4,6119,1464,364000
0,4.0,1,0.64,34,4,6095,1388,519900
0,4.0,2,0.24,167,4,6118,1029,380000
0,5.0,1,0.27,192,4,6416,1977,681310
1,3.0,2,0.68,149,4,6071,1780,385000
0,1.0,1,0.05,195,4,6114,1030,114900
0,4.0,1,1.43,195,4,6114,1776,129900
0,5.0,1,1.6,195,4,6114,1603,189900
0,5.0,2,0.18,195,4,6112,1261,119000
1,2.0,1,0.76,195,4,6114,1353,33500
0,3.0,1,0.39,163,4,6052,1597,279000
0,4.0,2,0.34,161,4,6109,1151,179900
0,1.0,2,0.92,191,4,6043,1267,375000
0,3.0,2,0.25,164,4,6042,1501,215000
1,2.0,1,0.08,163,4,6051,1918,194900
0,5.0,1,0.15,195,4,6112,1570,175000
0,5.0,2,0.18,151,4,6066,1719,186829
0,5.0,1,0.8,168,4,6457,1305,399900
0,1.0,2,0.25,155,4,6074,1137,184900
0,3.0,2,10.7,153,4,6084,1528,139900
1,3.0,2,0.24,161,4,6109,1392,220000
0,3.0,2,0.47,164,4,6040,1000,449900
0,4.0,2,0.3,148,4,6082,1982,294900
0,1.0,2,2.45,148,4,6082,1601,74900
0,3.0,1,1.56,147,4,6078,1193,699900
0,4.0,1,0.61,162,4,6107,1283,649900
0,3.0,2,0.15,163,4,6051,1976,245000
1,2.0,2,0.71,157,4,6423,1175,229000
0,1.0,1,1.69,200,4,6067,1829,1069000
1,2.0,2,0.15,167,4,6118,1489,199000
1,1.0,2,1.59,195,4,6103,1593,410000
0,2.0,1,0.24,167,4,6108,1695,289900
0,2.0,2,0.18,163,4,6051,1518,239900
0,5.0,2,2.19,162,4,6105,1024,329000
0,1.0,1,1.52,207,4,6032,1580,549900
1,5.0,1,14.11,192,4,6416,1778,600000
1,2.0,1,1.64,207,4,6032,1121,556400
1,4.0,1,0.65,149,4,6071,1318,385000
0,5.0,1,1.01,162,4,6117,1164,225000
0,4.0,2,1.4,203,4,6447,1355,270000
0,4.0,1,0.79,198,4,6248,1591,214999
1,2.0,2,0.09,195,4,6106,1794,179900
0,5.0,1,0.17,154,4,6029,1393,185000
0,1.0,2,0.9,150,4,6088,1871,159900
1,2.0,1,0.14,162,4,6107,1563,214900
0,5.0,2,0.16,167,4,6108,1720,115000
0,3.0,2,0.92,251,4,6472,1401,319900
0,2.0,2,0.12,167,4,6108,1733,219900
1,3.0,2,0.12,195,4,6112,1803,139900
1,3.0,1,0.18,195,4,6112,1854,299999
0,4.0,2,1.03,196,4,6424,1664,329900
0,2.0,1,3.5,168,4,6457,1941,395000
0,2.0,1,0.53,195,4,6106,1417,210000
0,1.0,1,1.28,164,4,6040,1556,390000
0,4.0,1,0.1,154,4,6029,1943,389900
1,2.0,2,3.1,194,4,6037,1545,399900
1,5.0,1,0.21,195,4,6120,1513,213000
0,1.0,2,0.12,148,4,6082,1722,270000
1,3.0,1,0.15,195,4,6120,1678,159000
1,1.0,2,2.01,168,4,6457,1448,994900
0,4.0,2,0.19,195,4,6105,1667,270000
1,2.0,2,1.27,149,4,6071,1513,94900
1,2.0,2,0.12,168,4,6457,1184,284900
1,5.0,2,1.17,149,4,6071,1068,119900
0,2.0,2,0.16,195,4,6114,1219,329000
1,4.0,2,1.53,207,4,6032,1211,509900
1,3.0,2,0.96,207,4,6032,1392,509900
0,4.0,2,1.77,203,4,6447,1376,946000
0,4.0,1,0.96,154,4,6029,1688,127500
0,1.0,1,0.28,148,4,6082,1565,165000
0,4.0,2,4.4,190,4,6415,1866,290000
0,2.0,1,9.85,34,4,6095,1774,125000
0,2.0,2,1.1,155,4,6074,1013,239900
0,4.0,2,0.31,151,4,6066,1864,193500
0,3.0,2,1.42,164,4,6040,1898,90000
0,1.0,2,0.15,208,4,6450,1188,145000
1,2.0,1,0.33,167,4,6118,1023,239900
1,5.0,2,1.85,208,4,6450,1805,79900
0,1.0,2,1.95,168,4,6457,1243,160000
0,5.0,1,0.43,164,4,6040,1113,249900
1,1.0,2,0.45,148,4,6082,1770,34900
1,1.0,2,0.2,163,4,6053,1618,239900
0,1.0,2,0.15,208,4,6450,1551,219900
0,4.0,2,2.26,153,4,6084,1025,675000
0,5.0,2,0.61,161,4,6109,1994,95000
0,3.0,1,0.17,163,4,6051,1315,239900
1,2.0,1,0.28,161,4,6109,1031,269900
1,2.0,1,0.31,162,4,6110,1633,249900
0,4.0,1,1.01,206,4,6437,1880,824900
1,2.0,1,0.09,195,4,6106,1974,170000
0,5.0,2,0.17,195,4,6114,1187,224900
0,2.0,1,1.81,168,4,6457,1833,100000
0,1.0,2,0.27,150,4,6088,1269,399900
1,3.0,2,1.84,203,4,6447,1937,587000
0,5.0,1,0.17,163,4,6052,1691,319900
0,4.0,2,0.93,206,4,6437,1068,749000
0,4.0,1,0.32,203,4,6447,1187,115000
0,3.0,1,0.25,192,4,6416,1562,646225
1,2.0,1,1.94,155,4,6074,1632,445025
1,1.0,2,61.54,34,4,6095,1070,1100000
1,4.0,1,0.95,202,4,6033,1086,155000
1,4.0,2,0.51,202,4,6073,1574,319900
0,2.0,1,0.29,156,4,6096,1539,160000
0,4.0,1,0.23,194,4,6037,1159,229000
0,3.0,1,0.12,195,4,6120,1226,160000
0,2.0,2,0.15,195,4,6112,1021,175000
1,4.0,1,0.33,195,4,6114,1132,169000
0,4.0,1,3.01,34,4,6095,1305,439500
1,1.0,2,0.52,167,4,6108,1983,234900
0,5.0,2,0.21,208,4,6450,1059,249900
1,3.0,1,0.34,208,4,6450,1985,315900
0,1.0,2,0.63,195,4,6105,1265,69900
0,4.0,2,1.08,208,4,6451,1004,399900
0,4.0,2,39.29,147,4,6093,1839,1200000
1,2.0,2,0.8,195,4,6106,1510,224999
0,4.0,2,0.13,195,4,6112,1118,140000
0,1.0,2,8.3,198,4,6248,1832,249900
1,1.0,1,0.21,165,4,6111,1416,399900
0,5.0,1,0.14,195,4,6106,1265,213000
0,2.0,1,0.27,195,4,6112,1105,259000
0,1.0,1,0.16,164,4,6040,1199,199900
0,2.0,2,0.13,163,4,6053,1945,199900
0,1.0,2,0.4,164,4,6040,1152,230000
1,1.0,2,0.19,163,4,6053,1713,269900
0,1.0,1,0.64,203,4,6447,1132,62500
0,1.0,1,0.26,148,4,6082,1217,299900
1,5.0,1,0.7,202,4,6033,1533,699900
0,2.0,2,0.23,195,4,6112,1128,295000
0,5.0,1,2.14,166,4,6001,1699,1395000
0,2.0,2,0.2,195,4,6114,1126,289900
0,2.0,1,0.15,164,4,6040,1196,349900
1,2.0,2,0.53,194,4,6037,1815,454900
0,5.0,1,0.14,163,4,6052,1310,359999
1,5.0,2,0.14,195,4,6112,1604,279899
0,5.0,1,0.66,155,4,6074,1171,550000
0,3.0,1,1.3,203,4,6447,1437,79900
0,5.0,2,1.99,191,4,6043,1873,129900
0,1.0,1,6.5,193,4,6026,1442,875000
1,1.0,2,8.0,34,4,6095,1036,895000
0,5.0,1,0.34,53,4,6455,1722,174900
1,3.0,1,0.11,199,4,6492,1219,145000
1,4.0,1,0.52,156,4,6096,1032,185000
1,3.0,2,0.51,165,4,6111,1022,415000
0,2.0,2,1.28,208,4,6450,1031,304888
0,3.0,1,4.04,196,4,6424,1451,74900
0,3.0,2,0.49,164,4,6040,1610,173000
1,2.0,1,0.31,163,4,6052,1864,309900
1,1.0,1,0.21,164,4,6040,1933,195000
1,3.0,2,0.26,164,4,6042,1939,140000
0,2.0,1,0.59,159,4,6002,1055,289900
0,3.0,1,0.21,195,4,6112,1824,214900
0,2.0,2,0.23,34,4,6095,1245,209900
0,2.0,2,0.23,34,4,6095,1807,114999
0,4.0,2,0.14,163,4,6051,1054,155000
0,5.0,1,1.21,147,4,6093,1633,69000
0,4.0,2,0.17,164,4,6040,1765,225000
0,1.0,2,0.58,148,4,6082,1176,214900
1,1.0,1,0.57,202,4,6033,1528,479900
0,3.0,2,9.55,148,4,6082,1759,124900
0,3.0,1,0.69,154,4,6029,1395,294999
0,4.0,1,1.29,149,4,6071,1334,59900
0,4.0,1,0.53,53,4,6455,1436,459000
0,3.0,2,0.8,200,4,6067,1890,269900
0,5.0,2,0.27,194,4,6037,1585,349900
1,2.0,2,0.12,195,4,6114,1492,299995
0,1.0,2,0.46,34,4,6095,1326,499900
0,4.0,2,0.3,192,4,6416,1238,613739
1,4.0,1,0.1,195,4,6114,1613,525000
1,3.0,1,0.15,164,4,6042,1610,109900
0,4.0,2,2.5,164,4,6042,1280,399000
0,5.0,1,0.35,194,4,6037,1580,399000
0,1.0,2,4.87,153,4,6084,1334,100000
0,1.0,2,2.89,202,4,6033,1321,1199000
1,5.0,1,4.88,196,4,6424,1999,235000
0,4.0,2,1.7,168,4,6457,1586,97500
1,1.0,1,0.26,195,4,6120,1111,199000
1,3.0,1,1.09,158,4,6070,1353,400000
0,4.0,2,0.88,34,4,6095,1624,344900
0,1.0,1,0.25,195,4,6106,1991,234900
0,5.0,1,0.18,163,4,6053,1188,170000
0,2.0,1,0.3,162,4,6117,1006,475000
0,2.0,1,0.2,164,4,6040,1929,220000
0,2.0,1,0.24,151,4,6066,1137,225000
0,1.0,2,0.22,161,4,6109,1475,269900
0,5.0,1,0.21,163,4,6052,1358,249000
0,5.0,1,0.21,202,4,6033,1470,239000
0,1.0,2,0.41,199,4,6492,1667,293700
0,2.0,1,0.23,164,4,6040,1681,209900
0,2.0,2,99999.0,158,4,6070,1182,150000
0,2.0,2,0.16,195,4,6112,1695,250000
1,1.0,1,0.1,195,4,6106,1555,245000
0,4.0,1,0.32,192,4,6416,1103,249900
0,4.0,1,0.73,168,4,6457,1366,314900
0,2.0,2,0.12,168,4,6457,1261,314900
0,2.0,1,1.05,196,4,6424,1993,556725
1,1.0,1,1.03,153,4,6084,1016,382000
1,5.0,2,0.63,155,4,6074,1623,227000
0,5.0,2,1.47,153,4,6084,1737,420000
0,1.0,2,0.17,195,4,6112,1686,139900
1,3.0,2,4.2,197,4,6480,1478,85900
0,4.0,1,1.17,163,4,6051,1716,89900
0,5.0,2,0.13,195,4,6112,1432,127200
1,5.0,2,1.4,208,4,6450,1922,129900
0,4.0,2,0.59,147,4,6078,3999,489900
0,4.0,1,0.07,195,4,6106,1928,149900
1,4.0,1,0.18,167,4,6118,1058,200000
1,4.0,2,3.67,194,4,6037,1117,699900
0,1.0,2,0.25,156,4,6096,1626,115000
1,2.0,2,1.6,149,4,6071,1916,779000
1,3.0,2,3.75,34,4,6095,1321,359000
1,4.0,2,0.2,161,4,6109,1164,209900
1,5.0,1,0.18,168,4,6457,1956,79609
0,1.0,1,0.16,195,4,6106,1979,117000
1,4.0,1,0.91,168,4,6457,1709,34900
0,2.0,1,11.81,154,4,6029,1215,2850000
0,3.0,1,0.23,197,4,6480,1405,179900
0,1.0,2,0.17,164,4,6040,1191,194900
0,5.0,2,1.46,149,4,6071,1019,265000
0,5.0,2,0.17,195,4,6114,1554,240000
0,2.0,2,0.69,151,4,6066,1138,260000
0,1.0,1,1.16,192,4,6416,1800,195900
0,1.0,2,2.62,196,4,6424,1382,1350000
1,2.0,2,0.29,157,4,6469,1230,385000
0,4.0,2,0.11,162,4,6119,1678,408999
0,5.0,1,0.51,164,4,6042,1286,249500
0,1.0,2,0.17,163,4,6051,1860,39900
0,1.0,1,0.67,202,4,6033,1465,340000
0,4.0,1,0.28,208,4,6451,1966,309900
1,4.0,2,0.75,159,4,6002,1166,35000
0,1.0,2,0.18,195,4,6106,1998,225000
0,1.0,1,0.28,162,4,6117,1540,350000
1,1.0,1,0.55,148,4,6082,1145,269900
0,1.0,1,0.29,161,4,6109,1098,374000
1,3.0,1,2.0,201,4,6076,1322,269900
0,2.0,1,0.23,163,4,6051,1133,350000
1,1.0,1,0.12,164,4,6040,1065,269900
0,1.0,1,0.14,163,4,6053,1587,215000
1,4.0,1,0.2,195,4,6114,1512,290000
1,3.0,1,0.12,163,4,6051,1759,192000
0,5.0,2,1.07,168,4,6457,1786,120000
0,4.0,1,0.86,195,4,6103,1321,329000
0,4.0,1,0.18,163,4,6051,1535,299900
1,1.0,2,0.23,195,4,6106,1800,264900
1,4.0,2,0.17,163,4,6051,1130,399900
1,1.0,1,1.03,197,4,6480,1146,139000
0,5.0,1,47.82,196,4,6424,1336,400000
0,2.0,1,2.3,202,4,6073,1002,450000
1,1.0,1,0.17,167,4,6108,1734,155000
0,5.0,1,0.2,53,4,6455,1391,220000
0,4.0,1,0.15,151,4,6066,1741,149900
1,2.0,1,3.32,147,4,6078,1597,599900
0,1.0,1,1.2,160,4,6422,1956,340000
0,5.0,2,1.07,168,4,6457,1883,159999
0,5.0,2,0.2,167,4,6118,1298,170000
1,2.0,2,0.38,208,4,6450,1013,450000
0,3.0,1,2.21,205,4,6441,1961,384900
1,4.0,2,6.67,11,4,6035,1649,357500
0,3.0,2,0.46,192,4,6416,1626,200000
0,2.0,2,0.37,148,4,6082,1727,49900
0,5.0,1,0.56,164,4,6040,1585,259900
0,5.0,2,0.6,164,4,6040,1344,499000
0,5.0,1,0.13,165,4,6111,1070,225000
0,1.0,2,0.86,155,4,6074,1817,239900
1,1.0,2,0.95,202,4,6033,1273,419000
1,5.0,1,0.76,200,4,6067,1350,239999
1,4.0,1,0.22,34,4,6095,1882,324500
1,2.0,2,0.29,167,4,6118,1241,175000
0,3.0,1,0.15,165,4,6111,1638,309900
0,5.0,1,0.1,164,4,6040,1978,270000
1,2.0,2,0.45,155,4,6074,1037,259900
1,1.0,1,0.27,167,4,6118,1679,274900
0,3.0,2,0.69,154,4,6029,1918,275000
0,2.0,2,0.11,195,4,6112,1484,269999
0,3.0,2,0.28,167,4,6108,1666,299900
1,4.0,1,1.93,195,4,6106,1903,225000
0,2.0,1,43.54,210,4,6076,1759,549900
0,4.0,1,0.59,162,4,6110,1693,224900
1,1.0,1,0.97,195,4,6103,1395,225000
1,4.0,1,0.76,34,4,6095,1594,129900
1,2.0,1,1.03,196,4,6424,1247,579900
0,4.0,1,0.3,192,4,6416,1757,689715
0,2.0,1,0.51,191,4,6043,1655,170000
0,2.0,2,2.63,196,4,6424,1124,199900
1,4.0,1,0.76,163,4,6052,1727,339900
1,5.0,2,0.58,163,4,6051,1004,89000
0,5.0,2,0.15,195,4,6114,1203,320000
1,4.0,1,1.56,200,4,6067,1264,319900
0,1.0,2,0.8,156,4,6096,1418,245900
0,5.0,2,0.28,151,4,6066,1370,219900
0,5.0,2,1.09,151,4,6066,1430,424900
1,3.0,1,1.85,207,4,6032,1782,1300000
0,3.0,1,0.36,164,4,6040,1185,269900
1,2.0,1,0.79,202,4,6073,1519,375000
1,3.0,1,0.08,195,4,6106,1487,184900
1,5.0,1,0.26,161,4,6109,1687,384900
1,1.0,1,1.36,202,4,6033,1721,110000
0,5.0,1,3.46,196,4,6424,1099,459000
0,3.0,1,1.26,203,4,6447,1419,47900
0,1.0,2,0.12,205,4,6438,1862,187500
0,3.0,2,0.44,167,4,6118,1079,270000
0,2.0,2,0.17,162,4,6119,1625,250000
0,1.0,1,0.21,167,4,6108,1212,195000
1,3.0,2,0.3,162,4,6119,1011,565000
0,3.0,1,0.35,163,4,6053,1855,279900
0,3.0,2,0.18,163,4,6051,1523,375000
0,4.0,1,0.23,167,4,6108,1901,209000
1,2.0,2,0.79,162,4,6117,1817,875000
0,5.0,2,0.46,151,4,6066,1560,294900
1,1.0,1,0.12,163,4,6051,1275,325000
1,5.0,1,0.19,208,4,6450,1883,379000
0,2.0,2,0.41,168,4,6457,1369,280000
0,3.0,2,1.73,166,4,6001,1727,450000
0,4.0,1,1.87,162,4,6110,1695,439900
0,2.0,2,0.84,150,4,6016,1867,275000
1,2.0,2,1.34,154,4,6029,1643,629900
1,5.0,2,0.14,195,4,6105,1404,249900
0,3.0,1,1.02,151,4,6066,1544,625000
0,4.0,2,0.13,208,4,6450,1011,139000
1,3.0,2,0.7,153,4,6084,1243,249900
0,1.0,1,1.41,155,4,6074,1606,249900
0,5.0,2,0.16,168,4,6457,1809,189000
0,4.0,1,5.92,154,4,6029,1965,549900
1,5.0,2,0.17,195,4,6112,1404,160000
1,2.0,1,0.34,156,4,6096,1903,299900
1,1.0,2,0.14,163,4,6051,1612,130000
0,1.0,1,0.31,155,4,6074,1379,74900
1,5.0,2,0.11,195,4,6112,1730,79900
0,5.0,1,0.62,164,4,6040,1183,464900
0,2.0,1,0.52,164,4,6040,1804,499900
0,4.0,2,1.28,203,4,6447,1230,47900
1,4.0,1,0.18,163,4,6051,1739,190000
0,3.0,1,0.2,164,4,6040,1271,469900
0,1.0,2,16.06,155,4,6074,1771,899000
1,5.0,2,0.79,162,4,6117,1084,359900
0,3.0,2,1.56,191,4,6043,1979,439900
0,5.0,2,0.07,195,4,6106,1944,175000
0,2.0,1,0.26,167,4,6108,1732,215000
0,2.0,1,0.21,208,4,6450,1248,284900
0,1.0,2,0.24,162,4,6107,1044,389900
1,1.0,2,0.74,53,4,6455,1396,370000
0,5.0,2,0.2,195,4,6114,1603,269900
0,1.0,2,1.29,202,4,6033,1910,569000
0,1.0,2,0.19,195,4,6114,1276,210000
1,3.0,1,0.11,168,4,6457,1236,349900
0,1.0,2,0.68,192,4,6416,1102,115000
0,5.0,2,0.25,157,4,6469,1179,149000
0,2.0,2,0.29,167,4,6118,1901,199900
1,4.0,1,0.06,148,4,6082,1268,189900
0,3.0,2,1.26,208,4,6450,1872,107900
0,3.0,1,1.67,161,4,6109,1170,1295000
0,1.0,1,0.77,148,4,6082,1837,349900
0,4.0,2,0.23,165,4,6111,1687,185000
1,3.0,1,1.02,148,4,6082,1970,189900
0,4.0,1,1.11,168,4,6457,1477,99900
0,4.0,2,0.18,165,4,6111,1952,210000
0,2.0,1,0.92,164,4,6042,1493,44900
0,4.0,1,0.17,148,4,6082,1590,199900
1,3.0,2,1.03,198,4,6231,1929,289900
0,5.0,1,0.13,195,4,6106,1541,337900
0,4.0,1,0.85,155,4,6074,1355,79900
1,2.0,1,0.4,163,4,6052,1933,239900
0,5.0,1,1.35,153,4,6084,1110,349900
0,5.0,2,0.2,164,4,6040,1462,139900
0,3.0,1,0.27,167,4,6118,1294,249900
0,3.0,1,0.3,165,4,6111,1004,274900
0,1.0,1,1.39,162,4,6119,1463,149900
0,5.0,1,0.43,162,4,6107,1031,1100000
1,1.0,2,0.23,165,4,6111,1611,206000
0,5.0,2,0.27,163,4,6053,1213,195000
0,2.0,1,0.57,158,4,6070,1419,400000
1,4.0,1,0.24,167,4,6118,1190,274900
0,1.0,2,0.69,158,4,6070,1700,475000
0,1.0,2,1.79,163,4,6053,1642,329900
0,4.0,1,0.57,168,4,6457,1170,196000
1,3.0,1,0.46,165,4,6111,1723,429999
0,1.0,1,0.22,159,4,6002,1684,199900
0,1.0,2,0.16,167,4,6118,1319,199900
1,5.0,1,0.53,158,4,6070,1799,24900
0,3.0,2,0.18,195,4,6105,1520,265000
0,3.0,2,0.14,195,4,6114,1970,295000
1,4.0,2,0.16,195,4,6106,1578,1450000
1,3.0,2,3.48,202,4,6073,1383,639900
0,1.0,2,0.2,208,4,6450,1960,269900
1,2.0,2,1.36,149,4,6071,1974,395000
0,1.0,1,0.37,156,4,6096,1325,179900
0,1.0,2,1.04,208,4,6450,1131,134900
0,5.0,2,0.98,163,4,6051,1268,70000
0,3.0,1,0.99,168,4,6457,1580,209900
0,1.0,1,1.67,53,4,6455,1906,214900
1,3.0,2,0.67,200,4,6067,1878,269900
0,2.0,2,0.71,168,4,6457,1550,129900
0,5.0,1,0.85,159,4,6002,1559,189900
0,4.0,2,2.39,205,4,6424,1881,474900
0,4.0,1,0.9,34,4,6095,1458,424900
1,3.0,2,0.38,148,4,6082,1554,309900
0,3.0,2,0.26,161,4,6109,1196,224900
0,3.0,1,0.14,162,4,6119,1548,279900
0,1.0,2,1.04,198,4,6248,1137,364900
0,4.0,2,0.85,205,4,6441,1028,462000
0,1.0,1,0.55,164,4,6042,1609,254900
0,,2,1.81,167,4,6118,1145,90000
1,1.0,1,0.49,195,4,6105,1815,259900
0,5.0,2,0.62,165,4,6111,1004,279900
1,5.0,1,0.19,163,4,6053,1733,204900
0,1.0,2,0.18,195,4,6114,1349,289900
0,4.0,1,1.71,208,4,6450,1196,129000
0,5.0,1,0.2,195,4,6106,1611,250000
0,5.0,1,0.13,195,4,6112,1874,229900
0,4.0,1,0.59,197,4,6480,1901,374900
0,5.0,2,0.62,11,4,6035,1735,250000
0,2.0,1,0.29,148,4,6082,1604,239900
1,4.0,1,0.29,195,4,6106,1306,295000
0,1.0,2,0.69,154,4,6029,1060,279900
0,1.0,2,0.34,162,4,6107,1322,379900
1,4.0,1,0.73,158,4,6089,1457,624900
0,5.0,1,0.52,155,4,6074,1539,349900
1,4.0,1,0.22,163,4,6052,1674,409900
1,1.0,1,0.82,196,4,6424,1252,975000
0,3.0,2,0.32,161,4,6109,1384,379900
0,4.0,1,0.12,195,4,6114,1685,550000
0,3.0,1,0.16,167,4,6118,1421,279900
0,1.0,2,0.08,195,4,6106,1964,295000
0,3.0,1,0.1,195,4,6106,1854,299900
0,3.0,1,0.96,150,4,6088,1623,349900
1,2.0,2,0.17,163,4,6051,1878,349900
1,3.0,2,0.39,202,4,6033,1995,154900
0,2.0,1,0.4,190,4,6415,1541,125900
0,3.0,1,0.13,195,4,6106,1536,250000
1,3.0,2,0.76,148,4,6082,1749,499900
0,5.0,2,0.46,155,4,6074,1438,310000
0,3.0,1,0.09,195,4,6106,1488,347900
1,3.0,2,0.14,34,4,6095,1836,229900
1,2.0,2,60.0,153,4,6084,1345,175000
0,2.0,1,1.02,195,4,6105,1684,79900
0,1.0,1,7.44,203,4,6447,1288,424000
0,5.0,2,1.39,147,4,6078,1986,300000
0,4.0,1,1.64,168,4,6457,1139,139900
0,1.0,2,3.16,199,4,6492,1422,1595000
0,5.0,1,0.3,151,4,6066,1951,189900
0,3.0,1,0.09,195,4,6106,1785,295000
0,3.0,1,0.22,167,4,6118,1401,209900
0,2.0,2,0.57,162,4,6119,1459,199900
0,2.0,2,0.34,151,4,6066,1922,229000
1,2.0,1,0.56,151,4,6066,1449,199900
0,5.0,2,0.26,167,4,6108,1188,199900
0,4.0,2,0.62,147,4,6078,1442,310000
1,5.0,1,0.21,195,4,6106,1700,365000
0,1.0,1,0.29,165,4,6111,1930,424900
1,2.0,2,1.14,195,4,6105,1170,699900
1,3.0,1,0.24,163,4,6053,1363,219900
1,5.0,2,0.16,195,4,6114,1673,219900
0,3.0,1,0.42,163,4,6051,1483,900000
1,2.0,2,0.27,164,4,6040,1990,250000
0,2.0,1,0.46,159,4,6002,1215,489000
1,4.0,2,0.14,195,4,6112,1649,245000
0,3.0,1,0.35,148,4,6082,1343,329999
0,3.0,2,0.14,163,4,6052,1897,120000
0,5.0,2,0.44,34,4,6095,1571,139000
1,3.0,2,0.58,147,4,6078,1438,280000
0,1.0,2,0.6,34,4,6095,1939,120000
1,4.0,2,0.51,192,4,6416,1868,190000
0,4.0,1,0.2,194,4,6037,1841,219000
1,5.0,2,0.71,202,4,6033,1511,325000
0,3.0,2,0.26,167,4,6108,1662,214900
0,1.0,1,1.77,205,4,6438,1975,419900
0,2.0,1,0.55,193,4,6026,1090,254900
0,3.0,2,0.25,164,4,6042,1114,269900
1,5.0,1,0.53,194,4,6037,1015,289000
0,2.0,1,0.2,167,4,6108,1775,225000
1,2.0,2,0.31,194,4,6037,1853,329000
0,2.0,2,2.17,11,4,6060,1523,625000
0,4.0,1,0.46,200,4,6067,1854,305000
1,1.0,2,0.37,192,4,6416,1817,349900
0,3.0,1,0.79,155,4,6074,1675,149000
0,3.0,1,0.14,162,4,6107,1350,399900
0,1.0,1,0.63,149,4,6071,1355,249525
1,5.0,1,0.13,168,4,6457,1223,215000
0,3.0,2,0.7,155,4,6074,1710,349900
0,4.0,2,0.14,195,4,6106,1139,209900
1,1.0,2,0.56,200,4,6067,1377,389900
0,3.0,2,0.18,195,4,6114,1707,335000
1,2.0,2,0.36,208,4,6450,1335,287000
0,4.0,2,1.59,155,4,6074,1619,409900
1,1.0,2,1.49,155,4,6074,1635,149900
1,1.0,2,0.33,34,4,6095,1345,249525
1,2.0,2,1.26,202,4,6033,1186,514900
0,2.0,1,0.52,148,4,6082,1329,245000
1,1.0,2,9.76,196,4,6480,1202,185000
0,2.0,1,1.2,158,4,6070,1584,799900
1,1.0,2,2.13,207,4,6032,1435,1299000
0,1.0,1,0.17,195,4,6120,1510,330000
0,5.0,1,0.08,195,4,6106,1361,349900
0,3.0,2,0.24,195,4,6105,1737,450000
0,2.0,2,1.21,203,4,6447,1157,199900
1,5.0,2,0.12,163,4,6053,1074,85000
1,4.0,2,0.25,194,4,6037,1872,179900
1,1.0,2,0.61,163,4,6053,1986,169900
1,2.0,1,0.35,163,4,6051,1272,149900
1,3.0,2,1.12,202,4,6033,1720,215000
0,5.0,2,0.2,161,4,6109,1231,270000
0,3.0,1,0.06,168,4,6457,1422,208000
0,4.0,1,0.74,197,4,6480,1685,125000
0,3.0,1,0.66,157,4,6469,1354,429000
1,5.0,1,1.3,150,4,6088,1484,179900
1,5.0,1,0.13,202,4,6033,1859,179900
0,2.0,1,0.6,164,4,6040,1867,499900
1,4.0,1,1.25,196,4,6424,1966,239900
0,5.0,2,0.12,151,4,6066,1599,224900
0,5.0,1,0.17,195,4,6112,1988,264500
0,4.0,2,0.28,162,4,6119,1861,495000
0,3.0,1,2.38,153,4,6084,1409,399000
0,3.0,2,1.21,165,4,6111,1423,129900
0,2.0,2,0.88,194,4,6037,1751,450000
0,1.0,2,0.19,164,4,6042,1757,269900
1,2.0,1,0.76,151,4,6066,1394,87500
0,5.0,1,0.23,165,4,6111,1656,369900
1,3.0,2,0.14,164,4,6040,1665,209900
0,4.0,2,0.7,155,4,6074,1239,325000
0,2.0,1,0.47,162,4,6117,1014,499900
0,1.0,2,2.11,199,4,6492,1306,1395000
1,2.0,1,0.96,159,4,6002,1608,395000
0,5.0,2,0.26,167,4,6118,1516,259900
1,1.0,2,0.29,167,4,6118,1397,275000
0,2.0,2,0.16,163,4,6051,1537,249900
1,5.0,2,1.0,154,4,6029,1424,160000
0,3.0,1,0.35,158,4,6070,1261,400000
0,4.0,2,0.34,194,4,6037,1789,335000
0,5.0,1,1.5,153,4,6084,1167,269900
0,2.0,2,0.18,163,4,6053,1905,319000
1,1.0,2,3.5,166,4,6001,1168,1199000
0,1.0,1,3.1,206,4,6437,1867,775000
0,2.0,1,0.97,154,4,6029,1162,99900
0,4.0,2,9.47,147,4,6078,1465,284900
1,4.0,2,1.01,168,4,6457,1367,149000
1,5.0,2,0.26,164,4,6040,1103,319900
1,4.0,2,0.17,162,4,6110,1739,130000
0,2.0,2,0.29,34,4,6095,1326,200000
1,5.0,2,0.25,167,4,6118,1670,230000
1,1.0,2,0.18,161,4,6109,1291,205000
0,1.0,1,0.18,208,4,6450,1648,199900
0,1.0,2,0.73,34,4,6095,1740,558000
1,5.0,2,0.16,167,4,6118,1162,158500
1,5.0,2,1.7,148,4,6082,1982,215000
1,2.0,2,0.3,161,4,6109,1089,279900
0,1.0,1,0.79,34,4,6095,1839,699900
0,1.0,1,0.57,193,4,6026,1427,289900
1,2.0,1,0.09,195,4,6106,1129,189900
0,2.0,2,0.17,163,4,6051,1166,350000
1,3.0,2,0.47,202,4,6033,1781,295000
1,1.0,1,0.14,195,4,6106,1087,279900
0,4.0,2,0.54,197,4,6480,1547,249900
0,3.0,2,0.61,34,4,6095,1374,215000
0,3.0,1,3.03,192,4,6416,1955,729900
0,1.0,1,0.65,150,4,6016,1846,389900
1,1.0,2,0.96,34,4,6095,1522,551300
1,2.0,2,0.24,162,4,6119,1897,469000
0,2.0,2,0.69,155,4,6074,1453,650000
1,4.0,1,0.18,196,4,6424,1930,330000
0,3.0,2,0.29,162,4,6117,1141,589900
1,4.0,2,0.69,153,4,6084,1442,299900
1,,1,0.92,202,4,6033,1745,995000
0,2.0,1,0.33,161,4,6109,1898,324000
0,5.0,2,0.26,162,4,6107,1729,459900
0,2.0,1,1.56,190,4,6415,1743,74000
0,4.0,1,0.3,162,4,6117,1605,360000
1,4.0,1,1.4,202,4,6033,1177,699900
0,3.0,2,0.27,165,4,6111,1700,289900
1,5.0,2,0.35,202,4,6033,1529,397900
1,5.0,1,10.57,168,4,6457,1486,674900
1,3.0,1,0.21,162,4,6107,1823,1195000
1,3.0,1,0.23,164,4,6040,1364,279900
1,4.0,1,0.92,150,4,6088,1535,339900
1,2.0,2,1.0,148,4,6082,1012,495000
0,3.0,2,0.15,163,4,6051,1911,99900
1,1.0,1,0.86,168,4,6457,1504,95000
0,3.0,2,1.3,192,4,6416,1252,121900
0,4.0,1,1.93,195,4,6114,1106,80000
0,1.0,2,0.32,34,4,6095,1434,189900
0,4.0,1,1.18,205,4,6438,1843,425000
0,4.0,1,0.14,164,4,6040,1132,84900
1,2.0,2,5.19,151,4,6066,1685,295000
0,2.0,1,0.66,196,4,6424,1510,249000
1,2.0,1,0.38,208,4,6450,1710,369900
0,5.0,2,0.18,195,4,6114,1205,599000
1,5.0,1,0.44,155,4,6074,1645,329900
0,4.0,2,1.99,150,4,6016,1388,174000
1,4.0,1,0.46,164,4,6040,1632,349900
0,2.0,1,0.8,11,4,6035,1872,324900
0,2.0,1,0.71,159,4,6002,1024,389900
0,2.0,2,0.75,148,4,6082,1743,309900
1,3.0,1,1.57,158,4,6070,1265,169900
0,2.0,1,0.39,202,4,6033,1222,190000
1,2.0,1,0.24,195,4,6112,1602,189900
0,2.0,1,0.93,154,4,6029,1531,900000
0,1.0,2,0.24,195,4,6112,1721,259900
1,5.0,1,2.68,164,4,6040,1069,749900
1,5.0,1,0.09,168,4,6457,1408,164000
0,1.0,2,0.26,208,4,6450,1306,279000
1,4.0,2,1.27,200,4,6067,1017,399000
0,1.0,2,0.4,194,4,6037,1750,299900
0,2.0,2,0.13,163,4,6052,1279,49000
1,1.0,1,1.03,34,4,6095,1759,499900
1,4.0,1,0.28,148,4,6082,1724,260000
1,3.0,2,1.01,154,4,6029,1424,244000
1,2.0,2,0.16,195,4,6120,1549,195000
0,2.0,2,1.59,162,4,6107,1642,269900
1,2.0,2,0.12,168,4,6457,1190,439900
0,1.0,1,0.17,158,4,6070,1967,229900
0,5.0,2,0.78,158,4,6070,1258,275000
1,5.0,2,1.39,196,4,6424,1993,499000
0,1.0,2,0.15,34,4,6095,1813,224900
0,1.0,2,0.17,163,4,6053,1574,219000
0,1.0,2,1.0,154,4,6029,1005,359900
0,5.0,1,0.26,197,4,6480,1024,133000
0,1.0,2,0.85,208,4,6450,1034,175000
0,2.0,1,0.2,200,4,6067,1374,215000
0,1.0,2,1.1,202,4,6033,1198,309900
0,1.0,1,0.21,208,4,6450,1037,199900
1,4.0,2,1.33,193,4,6026,1052,399900
0,1.0,1,0.37,197,4,6480,1876,299000
1,2.0,2,2.38,164,4,6042,1786,469900
0,5.0,2,11.86,157,4,6469,1737,1949000
0,5.0,1,0.26,165,4,6111,1814,220000
0,5.0,1,1.0,149,4,6071,1592,549999
1,3.0,2,0.23,165,4,6111,2509,320000
1,3.0,1,0.28,196,4,6424,1937,299000
0,2.0,1,0.88,155,4,6074,1545,565000
0,2.0,2,0.91,202,4,6033,1516,450000
0,1.0,1,0.41,164,4,6040,1729,369900
0,3.0,1,0.17,162,4,6119,1298,449900
1,4.0,2,0.34,159,4,6002,1346,220000
0,1.0,2,1.53,158,4,6070,1405,799000
0,1.0,1,0.15,163,4,6051,1311,225000
1,3.0,2,1.54,34,4,6095,1066,269900
0,1.0,1,0.14,195,4,6106,1120,289900
0,2.0,1,0.39,151,4,6066,1711,390000
0,5.0,1,1.02,194,4,6037,1612,369900
0,1.0,2,0.14,163,4,6052,1645,285000
1,1.0,1,0.35,156,4,6096,1576,269900
0,2.0,1,0.25,192,4,6416,1556,620118
0,3.0,1,0.22,165,4,6111,1662,335900
1,1.0,1,1.94,155,4,6074,1887,334900
0,4.0,2,0.36,153,4,6084,1232,365000
0,4.0,2,0.5,161,4,6109,1349,280000
1,3.0,2,0.12,195,4,6106,1578,210000
1,1.0,1,0.69,154,4,6029,1594,224900
0,5.0,1,0.92,34,4,6095,1647,219900
0,4.0,1,0.48,164,4,6042,1678,184900
0,4.0,1,1.0,205,4,6441,1094,355000
1,1.0,2,1.43,154,4,6029,1332,349900
0,5.0,1,1.08,189,4,6232,1404,229900
1,5.0,1,0.16,162,4,6107,1948,260000
0,3.0,1,0.48,159,4,6002,1236,275000
0,1.0,1,1.47,203,4,6447,1574,650000
1,1.0,2,0.32,148,4,6082,1192,225000
0,4.0,2,0.28,163,4,6052,1375,304900
0,3.0,1,0.29,163,4,6053,1604,275000
1,4.0,1,0.57,158,4,6070,1875,409000
0,2.0,1,0.12,195,4,6106,1341,279900
0,2.0,2,0.12,195,4,6120,1653,29900
1,2.0,2,7.72,150,4,6016,1825,489900
0,2.0,2,1.32,155,4,6074,1953,239900
0,2.0,2,0.75,34,4,6095,1388,299900
0,4.0,1,0.12,148,4,6082,1061,224900
0,5.0,1,0.67,194,4,6037,1902,353900
0,1.0,1,0.29,148,4,6082,1152,274900
1,5.0,1,1.94,150,4,6016,1924,489900
0,4.0,2,0.28,151,4,6066,1944,265000
1,5.0,2,0.33,208,4,6450,1012,285000
0,2.0,1,0.42,167,4,6108,1850,234900
1,4.0,1,1.35,154,4,6029,1837,592500
0,2.0,1,0.29,148,4,6082,1927,290000
1,4.0,2,0.26,195,4,6106,1885,339000
0,2.0,2,1.92,153,4,6084,1227,380000
0,5.0,2,0.25,168,4,6457,1156,249000
1,2.0,1,0.17,164,4,6042,1271,309000
0,2.0,1,0.48,168,4,6457,1456,259999
0,2.0,1,0.11,195,4,6106,1273,285000
0,5.0,2,3.4,147,4,6078,1054,1350000
0,5.0,1,0.41,34,4,6095,1301,269900
1,5.0,2,0.36,161,4,6109,1482,349900
1,3.0,2,0.99,154,4,6029,1488,532000
1,3.0,1,0.17,194,4,6037,1305,189900
0,1.0,1,0.29,195,4,6112,1070,169900
1,5.0,1,0.63,208,4,6450,1846,299900
0,5.0,2,0.4,167,4,6108,1382,269000
0,1.0,2,0.12,158,4,6081,1840,219900
0,5.0,2,0.71,164,4,6042,1766,139900
0,3.0,2,0.2,151,4,6066,1896,229900
0,1.0,2,0.18,195,4,6112,1619,160000
0,4.0,2,1.39,168,4,6457,1643,475000
1,3.0,2,0.32,168,4,6457,1113,299000
0,3.0,2,0.27,151,4,6066,1994,197000
0,5.0,1,0.26,208,4,6450,1210,249900
1,5.0,2,0.69,155,4,6074,1768,124900
0,1.0,2,0.57,202,4,6033,1269,384900
0,2.0,1,0.4,164,4,6042,1601,399900
0,5.0,2,0.63,167,4,6108,1194,299900
0,2.0,2,0.5,202,4,6033,1244,349900
0,5.0,1,0.69,34,4,6095,1462,419900
0,2.0,1,0.29,168,4,6457,1169,239900
0,3.0,1,0.16,208,4,6451,1707,275000
1,2.0,1,2.24,202,4,6033,1393,689900
0,4.0,1,0.28,194,4,6037,1901,299900
0,1.0,2,1.02,152,4,6238,1472,349000
0,3.0,1,0.54,154,4,6029,1499,79900
0,5.0,1,0.11,195,4,6120,1942,264900
1,1.0,2,0.17,162,4,6119,1870,419900
1,1.0,1,0.46,34,4,6095,1037,395000
1,1.0,1,1.94,207,4,6032,1733,969900
1,4.0,2,0.45,155,4,6074,1489,299900
0,5.0,2,0.44,167,4,6108,1136,269925
1,3.0,1,0.36,162,4,6107,1062,379900
0,2.0,2,0.8,162,4,6105,1831,379900
0,1.0,1,0.1,163,4,6051,1597,215000
0,5.0,2,0.15,163,4,6052,1408,275000
1,3.0,1,0.14,195,4,6106,1915,249900
0,5.0,2,0.24,164,4,6040,1400,389900
0,3.0,2,1.84,202,4,6073,1542,1150000
0,3.0,1,1.3,11,4,6035,1437,229000
1,1.0,2,1.0,198,4,6231,1560,469000
0,1.0,1,0.49,194,4,6037,1654,325000
1,3.0,2,0.69,153,4,6084,1144,229900
1,1.0,2,0.28,192,4,6416,1528,195000
1,,1,0.2,168,4,6457,1380,182000
1,3.0,1,0.79,150,4,6016,1565,369900
0,5.0,2,1.93,155,4,6074,1636,118000
1,1.0,2,0.24,163,4,6053,1136,299900
0,4.0,2,0.2,168,4,6457,1633,207500
1,2.0,1,0.23,195,4,6114,1527,235000
1,2.0,2,0.34,167,4,6118,1556,239900
0,3.0,2,0.99,151,4,6066,1316,210000
0,3.0,2,0.38,155,4,6074,1045,386900
1,4.0,1,0.11,162,4,6119,1378,399900
0,1.0,1,0.15,151,4,6066,1591,249900
0,5.0,1,0.15,195,4,6114,1371,249900
1,3.0,1,0.9,159,4,6002,1361,265000
1,3.0,2,0.19,162,4,6107,1816,629000
0,1.0,2,0.37,151,4,6066,1522,295000
0,2.0,2,0.28,167,4,6118,1329,239900
0,1.0,1,0.3,163,4,6052,1475,250000
1,1.0,2,0.64,202,4,6033,1274,450000
0,1.0,2,0.23,167,4,6118,1668,249900
0,2.0,2,1.39,190,4,6415,1891,438000
1,5.0,2,1.0,202,4,6033,1467,575000
1,2.0,2,0.29,167,4,6118,1626,249000
0,3.0,2,0.23,165,4,6111,1117,298000
0,2.0,2,0.38,154,4,6029,1182,319900
0,2.0,1,0.26,162,4,6107,1760,379900
0,4.0,1,0.4,148,4,6082,1275,379900
1,4.0,1,0.09,196,4,6424,1241,54900
1,4.0,2,0.23,192,4,6416,1081,289000
0,2.0,1,0.7,162,4,6117,1447,849900
0,4.0,1,0.36,168,4,6457,1831,334900
0,4.0,1,2.61,166,4,6001,1639,1750000
0,2.0,2,0.47,161,4,6109,1850,369900
0,3.0,2,0.14,208,4,6450,1064,259000
1,1.0,1,0.14,148,4,6082,1975,295000
0,5.0,2,1.19,195,4,6114,1151,179900
1,5.0,2,1.13,157,4,6469,1612,337500
1,4.0,1,0.06,168,4,6457,1079,100000
0,1.0,2,0.56,192,4,6416,1557,245000
0,4.0,2,0.69,191,4,6043,1806,209900
0,4.0,1,1.48,153,4,6084,1920,274900
0,4.0,1,1.88,198,4,6248,1536,475000
0,3.0,1,0.24,148,4,6082,1093,171000
0,5.0,1,2.7,190,4,6415,1771,369900
0,4.0,1,0.69,150,4,6016,1597,319900
0,4.0,2,1.08,192,4,6416,1877,185000
1,5.0,2,0.23,163,4,6053,1938,239900
0,5.0,1,1.82,190,4,6415,1215,419000
1,5.0,2,1.14,11,4,6060,1650,375000
0,5.0,1,1.77,53,4,6455,1637,279900
0,4.0,2,3.23,150,4,6088,1947,75000
0,3.0,1,0.17,161,4,6109,1347,199900
0,5.0,1,3.0,34,4,6095,1906,479900
1,2.0,1,0.2,162,4,6107,1412,259900
1,2.0,1,0.7,160,4,6422,1992,375000
1,2.0,1,1.6,164,4,6042,1658,159900
0,1.0,2,1.1,155,4,6074,1360,489900
0,4.0,1,0.51,53,4,6455,1284,299900
0,3.0,2,0.14,163,4,6053,1826,239900
0,5.0,2,0.17,161,4,6109,1735,285000
1,3.0,2,0.24,159,4,6002,1856,260000
1,2.0,1,10.0,190,4,6415,1964,119000
1,2.0,1,1.0,160,4,6422,1467,325000
1,5.0,2,10.0,154,4,6029,1520,865000
0,4.0,2,0.16,163,4,6051,1248,140000
0,5.0,1,2.48,202,4,6073,1305,849900
0,1.0,1,0.46,202,4,6033,1933,212000
0,3.0,1,0.3,154,4,6029,1636,265000
0,5.0,1,13.75,11,4,6060,1008,1225000
1,4.0,1,1.54,192,4,6416,1749,136900
0,5.0,1,1.24,192,4,6416,1616,210000
1,1.0,1,0.88,202,4,6033,1191,425900
1,2.0,2,1.46,192,4,6416,1765,219900
1,1.0,2,0.64,192,4,6416,1597,125000
0,1.0,2,0.52,192,4,6416,1406,179900
0,5.0,1,1.0,158,4,6070,1314,395000
0,5.0,1,0.19,162,4,6107,1309,649900
0,3.0,2,0.94,159,4,6002,1087,379900
0,4.0,1,1.14,158,4,6070,1650,400000
1,5.0,2,0.26,164,4,6042,1704,199900
0,1.0,2,0.27,167,4,6108,1632,249900
0,3.0,2,0.12,148,4,6082,1030,290000
1,2.0,2,0.36,161,4,6109,1710,339900
0,2.0,2,0.13,162,4,6110,1206,249900
0,3.0,1,0.37,148,4,6082,1162,199900
0,5.0,1,0.58,158,4,6070,1052,374900
1,3.0,2,0.16,194,4,6037,1268,349000
0,5.0,2,0.17,162,4,6119,1851,380000
0,3.0,2,0.91,158,4,6070,1282,395000
0,4.0,1,0.49,34,4,6095,1249,439900
1,4.0,1,0.43,190,4,6415,1254,229900
0,5.0,2,0.66,34,4,6095,1999,399000
1,3.0,2,0.52,208,4,6450,1930,419000
1,1.0,1,1.69,207,4,6032,1009,235000
0,2.0,1,0.25,165,4,6111,1666,245000
0,1.0,2,0.24,164,4,6042,1984,214900
0,5.0,2,1.2,198,4,6248,1085,349900
0,3.0,2,1.5,159,4,6002,1888,650000
0,4.0,2,0.15,195,4,6106,1501,364900
0,5.0,2,0.24,192,4,6416,1177,264900
0,,1,0.56,192,4,6416,1719,115000
1,2.0,1,0.24,162,4,6110,1633,389900
0,2.0,1,0.22,148,4,6082,1304,249900
0,3.0,2,0.36,162,4,6119,1449,699000
1,3.0,2,0.14,164,4,6042,1567,240000
0,5.0,1,0.23,34,4,6095,1889,240000
1,1.0,1,1.92,200,4,6067,1838,184900
1,5.0,1,0.17,194,4,6037,1264,318000
0,2.0,1,0.13,195,4,6112,1545,209900
1,4.0,2,0.25,165,4,6111,1104,339900
1,4.0,1,0.56,148,4,6082,1252,339999
1,5.0,2,0.26,151,4,6066,1320,149900
0,1.0,1,2.26,154,4,6029,1743,569900
0,3.0,2,1.25,164,4,6042,1629,689900
0,1.0,2,0.29,197,4,6480,1657,319900
0,5.0,2,0.28,167,4,6108,1734,190000
0,2.0,1,0.79,151,4,6066,1623,279900
0,3.0,1,0.45,163,4,6051,1700,249000
0,3.0,1,0.16,195,4,6112,1567,185000
0,3.0,2,0.49,195,4,6105,1372,850000
0,1.0,1,0.3,167,4,6108,1296,237900
0,2.0,2,4.3,202,4,6033,1229,1500000
0,3.0,2,0.36,161,4,6109,1135,369900
1,4.0,1,0.3,151,4,6066,1605,249900
1,5.0,1,0.14,163,4,6051,1453,112900
0,4.0,1,0.27,163,4,6053,1561,189900
1,3.0,2,2.72,53,4,6455,1270,850000
0,1.0,1,0.17,164,4,6040,1195,249900
1,5.0,1,0.57,149,4,6071,1095,269900
0,2.0,1,0.19,163,4,6052,1170,174900
0,2.0,1,0.2,163,4,6053,1357,275000
0,5.0,2,1.86,192,4,6416,1498,106500
1,3.0,2,1.0,153,4,6084,1765,54000
0,1.0,2,0.26,164,4,6042,1463,249000
1,1.0,2,1.39,151,4,6066,1819,264900
1,5.0,2,0.21,164,4,6040,1926,274900
0,5.0,2,0.13,195,4,6106,1151,335000
0,1.0,2,0.17,167,4,6108,1367,289000
0,4.0,1,0.36,148,4,6082,1154,229900
0,1.0,1,9.54,166,4,6001,1458,279000
0,1.0,1,4.01,166,4,6001,1284,349000
1,3.0,1,0.7,202,4,6073,1230,250000
1,5.0,1,1.42,203,4,6447,1482,399000
0,3.0,2,0.18,167,4,6108,1435,167500
0,5.0,2,0.22,161,4,6109,1261,224000
1,1.0,2,0.58,193,4,6026,1730,399900
0,2.0,1,0.51,164,4,6040,1527,389900
0,2.0,1,0.26,164,4,6040,1558,204900
0,3.0,2,0.14,162,4,6107,1070,399000
0,4.0,2,0.48,164,4,6040,1121,485000
0,1.0,2,0.32,208,4,6450,1297,179900
1,3.0,2,1.93,202,4,6073,1198,925000
0,3.0,2,1.21,164,4,6042,1770,115000
0,2.0,2,0.83,34,4,6095,1862,269900
0,5.0,2,0.93,154,4,6029,1432,259900
0,5.0,2,0.19,164,4,6040,1356,229900
0,4.0,1,0.41,162,4,6107,1242,799900
1,2.0,2,0.21,167,4,6118,1358,189900
0,5.0,1,1.28,165,4,6111,1299,260000
0,1.0,1,1.86,202,4,6033,1641,129000
1,2.0,2,0.14,164,4,6040,1454,379900
0,5.0,2,0.22,195,4,6114,1518,214900
1,5.0,1,0.36,168,4,6457,1759,79900
1,1.0,1,4.95,166,4,6001,1818,1200000
0,4.0,1,0.5,159,4,6002,1167,269500
0,4.0,1,0.34,207,4,6032,1867,559900
1,4.0,1,0.29,148,4,6082,1837,200000
0,5.0,1,0.33,162,4,6117,1939,395000
0,,1,0.46,208,4,6450,1894,269000
1,5.0,1,1.94,155,4,6074,1606,275000
0,2.0,1,1.56,148,4,6082,1684,273000
0,2.0,2,0.26,165,4,6111,1463,249900
0,2.0,1,1.82,202,4,6033,1656,739900
0,2.0,2,0.16,167,4,6118,1110,269000
0,2.0,2,0.78,157,4,6469,1451,485700
1,4.0,2,0.17,167,4,6118,1843,279900
0,4.0,2,1.61,195,4,6105,1045,88000
0,2.0,2,3.09,154,4,6029,1259,459900
0,5.0,2,0.54,162,4,6107,1464,274900
0,1.0,2,0.5,168,4,6457,1319,515000
0,3.0,2,2.16,196,4,6424,1755,424900
0,4.0,2,0.34,152,4,6238,1210,199900
1,4.0,1,0.48,151,4,6066,1765,165000
0,1.0,1,0.4,207,4,6032,1377,325000
0,2.0,1,1.17,164,4,6042,1021,379900
1,1.0,2,3.64,196,4,6424,1527,75000
0,3.0,1,0.41,158,4,6081,1302,339900
0,5.0,1,0.92,149,4,6071,1800,385000
0,5.0,2,0.55,161,4,6109,1064,339000
0,5.0,2,0.44,195,4,6105,1796,599900
1,5.0,1,0.16,163,4,6053,1896,199900
0,3.0,2,0.46,201,4,6076,1151,220000
0,1.0,2,0.1,164,4,6042,1408,224900
1,1.0,1,1.44,202,4,6033,1403,234900
1,1.0,1,0.22,167,4,6108,1601,215000
0,5.0,1,0.26,163,4,6053,1489,169000
0,3.0,2,0.29,162,4,6117,1746,320000
0,1.0,1,0.89,155,4,6074,1646,469900
1,1.0,1,0.18,165,4,6111,1841,235000
1,2.0,1,0.22,161,4,6109,1282,279900
0,5.0,2,0.14,196,4,6424,1200,259900
0,1.0,2,0.46,165,4,6111,1769,394900
0,3.0,1,0.17,163,4,6053,1843,244000
1,4.0,2,0.35,202,4,6033,1130,339900
1,4.0,2,0.72,202,4,6033,1082,269900
0,1.0,1,0.82,155,4,6074,1613,155000
0,5.0,1,0.13,195,4,6106,1726,249900
1,1.0,2,0.3,165,4,6111,1442,379900
0,1.0,2,0.13,168,4,6457,1746,249000
0,4.0,2,0.18,208,4,6450,1636,259900
0,2.0,1,0.22,195,4,6114,1556,650000
1,2.0,2,0.21,155,4,6074,1614,279000
0,1.0,1,0.11,195,4,6106,1963,309900
1,3.0,2,0.17,163,4,6051,1887,259900
1,4.0,2,2.28,205,4,6441,1394,135000
1,1.0,1,1.19,155,4,6074,1695,199900
1,4.0,2,0.16,163,4,6051,1563,195000
0,4.0,1,1.28,204,4,6237,1801,314999
0,2.0,1,0.55,165,4,6111,1870,289900
0,2.0,2,0.15,195,4,6106,1817,209100
0,5.0,2,1.0,197,4,6480,1898,359000
0,1.0,2,0.4,161,4,6109,1126,199900
0,3.0,2,1.08,151,4,6066,1708,529900
1,4.0,1,0.21,163,4,6053,1222,210000
1,4.0,2,0.48,162,4,6107,1682,599900
0,4.0,2,3.5,204,4,6237,1430,299900
0,1.0,1,0.13,163,4,6051,1318,180000
1,1.0,1,0.5,151,4,6066,1309,149900
0,1.0,2,0.51,150,4,6088,1229,234500
0,4.0,2,0.17,195,4,6112,1320,139000
1,3.0,2,2.17,168,4,6457,1238,630000
1,2.0,2,0.33,168,4,6457,1379,349900
0,1.0,2,1.09,168,4,6457,1311,105000
0,3.0,2,0.98,155,4,6074,1728,20000
0,4.0,2,0.47,151,4,6066,1067,259900
0,5.0,1,0.2,200,4,6067,1619,174900
0,2.0,2,0.28,162,4,6107,1449,299900
1,5.0,2,0.16,168,4,6457,1551,415000
0,4.0,1,0.34,192,4,6416,1988,445000
0,2.0,2,0.26,197,4,6480,1336,249900
0,2.0,1,0.2,167,4,6108,1432,265000
1,4.0,2,1.31,154,4,6029,1956,299900
1,3.0,1,0.44,192,4,6416,1684,129900
1,5.0,2,0.35,168,4,6457,1164,349900
1,1.0,2,0.34,168,4,6457,1209,334900
0,3.0,1,0.25,162,4,6107,1750,409000
1,5.0,1,1.74,200,4,6067,1730,232000
0,1.0,2,4.52,147,4,6078,1985,979900
1,5.0,1,0.31,161,4,6109,1095,319900
1,1.0,2,0.57,159,4,6002,1842,475000
0,4.0,1,0.26,161,4,6109,1914,249900
1,1.0,2,0.61,158,4,6070,1539,400000
0,1.0,1,0.91,200,4,6067,1364,214900
1,3.0,1,0.48,148,4,6082,1209,239900
1,2.0,2,0.28,163,4,6053,1971,299900
0,3.0,1,0.16,167,4,6118,1371,205000
0,3.0,1,0.8,151,4,6066,1251,190000
0,2.0,1,0.22,167,4,6118,1819,299900
1,2.0,2,0.17,163,4,6051,1188,294900
1,3.0,1,0.25,163,4,6052,1290,329900
1,4.0,2,0.41,148,4,6082,1918,324900
0,5.0,2,0.26,165,4,6111,1900,299999
0,1.0,1,0.23,159,4,6002,1983,199900
0,4.0,1,0.35,190,4,6415,1110,283995
0,5.0,1,0.24,168,4,6457,1260,285000
0,4.0,2,0.52,160,4,6422,1925,199900
1,3.0,1,0.22,167,4,6118,1585,139999
1,4.0,1,0.24,195,4,6120,1577,250000
0,5.0,1,0.26,163,4,6053,1698,120000
1,4.0,1,8.08,194,4,6037,1502,510000
0,3.0,2,0.28,193,4,6026,1844,249900
1,3.0,2,0.08,195,4,6120,1612,255000
1,4.0,2,0.17,195,4,6112,1085,199900
1,5.0,2,0.2,163,4,6052,1751,299900
0,5.0,2,0.24,163,4,6053,1261,69000
1,4.0,1,0.29,163,4,6052,1627,245000
0,5.0,2,0.48,193,4,6026,1699,279900
0,3.0,1,0.4,156,4,6096,1253,219999
0,3.0,1,0.4,162,4,6117,1485,310000
0,3.0,2,0.4,200,4,6067,1085,354900
0,5.0,2,0.31,151,4,6066,1614,209900
0,3.0,1,0.2,165,4,6111,1423,239900
0,5.0,1,0.84,165,4,6111,1510,479900
0,2.0,2,1.4,154,4,6029,1193,549900
0,1.0,2,0.41,208,4,6450,1316,385000
0,1.0,2,0.47,34,4,6095,1429,215000
0,4.0,1,0.57,194,4,6037,1263,399900
0,2.0,1,0.59,155,4,6074,1250,324900
1,1.0,2,0.17,195,4,6114,1458,369900
0,5.0,1,0.17,163,4,6053,1705,225000
0,3.0,2,0.17,195,4,6114,1716,284900
1,4.0,2,0.4,162,4,6117,1460,419900
0,3.0,1,0.66,202,4,6033,1328,349900
1,3.0,1,0.2,162,4,6117,1078,389900
0,5.0,2,0.76,150,4,6088,1200,339900
0,4.0,1,0.91,150,4,6088,1794,329900
0,2.0,1,1.08,150,4,6088,1051,329900
0,5.0,1,0.34,150,4,6088,1422,329900
1,3.0,2,0.23,150,4,6088,1891,329900
0,4.0,2,0.74,208,4,6450,1030,339000
0,1.0,1,0.26,156,4,6096,1416,209900
0,2.0,2,1.84,209,4,6443,1777,335000
0,3.0,1,1.36,34,4,6095,1402,199900
1,4.0,1,0.8,200,4,6067,1404,99900
1,1.0,2,0.1,164,4,6040,1161,199900
0,5.0,1,0.22,151,4,6066,1387,199900
1,3.0,1,0.47,162,4,6117,1946,495000
0,4.0,2,0.48,156,4,6096,1999,335000
0,2.0,1,0.74,34,4,6095,1843,299900
0,5.0,1,0.16,164,4,6040,1852,134900
0,1.0,2,1.04,198,4,6248,1703,295000
0,1.0,2,0.48,192,4,6416,1222,249900
0,2.0,2,0.36,155,4,6074,1525,299900
0,2.0,2,0.17,164,4,6042,1651,214900
1,5.0,1,0.14,195,4,6120,1507,269900
1,1.0,1,0.5,148,4,6082,1587,319900
1,2.0,2,1.37,155,4,6074,1556,569000
0,3.0,1,0.15,161,4,6109,1607,289000
0,3.0,1,0.94,160,4,6422,1474,469900
0,4.0,1,1.31,189,4,6232,1242,74900
0,2.0,1,0.46,208,4,6450,1816,275000
1,1.0,2,0.73,202,4,6033,1776,624900
1,1.0,2,0.77,158,4,6070,1814,400000
0,5.0,2,0.8,168,4,6457,1593,339900
1,4.0,2,0.29,148,4,6082,1200,280000
0,1.0,1,2.0,149,4,6071,1224,439900
0,3.0,1,1.0,155,4,6074,1251,119000
0,4.0,1,0.28,34,4,6095,1156,274999
1,1.0,2,0.15,167,4,6108,1211,239900
0,1.0,1,1.86,154,4,6029,1942,111000
1,5.0,2,0.17,163,4,6051,1478,259900
1,3.0,1,0.3,165,4,6111,1081,289900
1,1.0,2,0.84,202,4,6033,1289,425000
0,4.0,1,0.25,164,4,6042,1786,279900
0,1.0,1,0.18,195,4,6114,1835,299900
0,5.0,1,0.17,195,4,6112,1993,210000
0,5.0,2,0.19,195,4,6106,1870,309900
0,2.0,1,1.06,202,4,6033,1229,199900
0,5.0,2,0.19,164,4,6040,1619,115000
1,2.0,1,0.39,197,4,6480,1101,269000
1,3.0,1,0.27,195,4,6112,1172,150000
0,3.0,2,0.16,163,4,6051,1946,192000
1,3.0,2,0.69,151,4,6066,1560,354900
1,3.0,1,0.6,162,4,6107,1794,325000
1,5.0,1,1.11,164,4,6042,1647,129900
0,2.0,1,0.21,195,4,6105,1014,399900
0,2.0,2,0.52,164,4,6040,1278,264900
0,3.0,2,0.92,196,4,6424,1703,339000
1,5.0,1,2.01,166,4,6001,1168,519900
0,3.0,1,1.5,200,4,6067,1449,224000
0,5.0,2,0.43,148,4,6082,1046,219000
1,2.0,1,1.53,194,4,6037,1135,159000
0,4.0,1,0.34,162,4,6107,1305,315000
0,1.0,2,0.42,164,4,6042,1177,294900
0,5.0,2,0.23,162,4,6107,1763,375000
0,3.0,1,0.18,161,4,6109,1817,379900
1,5.0,2,0.48,163,4,6052,1400,369900
1,3.0,2,0.66,202,4,6033,1729,539900
0,3.0,2,0.15,163,4,6051,1202,300000
1,3.0,1,0.22,195,4,6106,1269,249900
0,2.0,2,0.15,163,4,6051,1587,300000
1,1.0,2,1.45,154,4,6029,1274,329900
1,4.0,1,27.0,149,4,6071,1036,1700000
1,,2,0.18,195,4,6106,1690,200000
0,2.0,1,0.92,11,4,6060,1501,350000
1,1.0,1,1.82,151,4,6066,1008,60000
1,3.0,2,1.62,159,4,6002,1627,200000
0,2.0,1,1.55,195,4,6114,1588,80000
1,1.0,1,1.92,154,4,6029,1190,424900
0,2.0,1,0.41,149,4,6071,1669,264900
1,2.0,2,0.25,168,4,6457,1363,210000
0,1.0,1,2.48,203,4,6447,1814,289900
0,3.0,2,1.06,149,4,6071,1030,330000
0,4.0,2,1.0,192,4,6416,1241,695000
1,4.0,2,1.9,164,4,6040,1308,319900
0,3.0,2,0.43,194,4,6037,1618,350000
0,2.0,2,0.25,161,4,6109,1951,235000
1,2.0,1,0.18,167,4,6108,1095,165000
0,4.0,2,0.9,202,4,6033,1208,520000
0,4.0,1,0.84,191,4,6043,1676,275000
0,5.0,1,1.53,195,4,6114,1537,85000
0,4.0,2,0.28,162,4,6119,1616,475000
0,4.0,2,0.73,203,4,6447,1019,259900
1,1.0,2,0.25,148,4,6082,1650,260000
1,1.0,2,1.45,154,4,6029,1598,319900
0,,2,0.57,151,4,6066,1371,260000
1,1.0,1,0.18,195,4,6106,1970,315000
0,4.0,2,0.22,162,4,6110,1773,259900
1,5.0,1,0.21,162,4,6119,1339,450000
1,5.0,1,0.48,155,4,6074,1953,324000
1,5.0,1,0.3,148,4,6082,1427,259900
1,1.0,1,0.18,195,4,6105,1148,349900
1,1.0,1,0.31,195,4,6106,1667,239900
0,3.0,1,0.27,163,4,6053,1352,239900
0,5.0,1,0.13,195,4,6114,1230,116600
0,3.0,1,1.2,150,4,6088,1856,138000
0,4.0,2,0.12,151,4,6066,1980,239900
1,5.0,1,1.02,157,4,6469,1517,255888
0,2.0,2,0.04,167,4,6118,1581,34900
1,2.0,1,0.12,148,4,6082,1639,165000
1,,2,0.16,163,4,6053,1576,249900
0,5.0,2,1.43,194,4,6037,1828,199900
0,2.0,1,0.37,202,4,6033,1527,319900
0,2.0,2,0.4,196,4,6424,1440,335000
1,5.0,1,7.5,203,4,6447,1457,375000
0,3.0,1,0.72,11,4,6035,1912,349900
0,5.0,2,0.57,164,4,6040,1729,299900
1,3.0,2,0.65,192,4,6416,1432,114900
0,4.0,2,0.48,202,4,6033,1694,318900
0,4.0,1,0.64,153,4,6084,1368,402000
0,3.0,2,0.17,156,4,6096,1067,249900
0,1.0,1,0.66,164,4,6042,1050,274900
0,3.0,1,0.34,193,4,6026,1771,295000
1,1.0,2,0.17,162,4,6110,1930,395000
0,3.0,2,2.03,11,4,6035,1818,729900
0,2.0,2,0.44,197,4,6480,1983,239900
1,,2,0.5,168,4,6457,1220,299900
1,2.0,2,0.74,155,4,6074,1550,515000
1,2.0,1,0.3,161,4,6109,1400,239900
1,,2,0.27,162,4,6119,1613,575000
0,1.0,1,0.1,164,4,6042,1205,239000
0,3.0,2,0.55,162,4,6117,1680,459900
0,4.0,1,0.28,163,4,6053,1883,325000
0,4.0,2,0.56,208,4,6451,1052,250000
0,1.0,1,0.92,202,4,6033,1710,769900
0,3.0,2,0.24,148,4,6082,1295,75000
0,1.0,1,0.26,162,4,6107,1203,334900
1,1.0,1,0.19,165,4,6111,1322,325000
0,3.0,2,0.13,195,4,6114,1064,279900
0,3.0,1,0.31,167,4,6118,1108,279900
0,3.0,2,0.42,151,4,6066,1020,40000
0,4.0,2,0.68,155,4,6074,1957,34000
1,4.0,2,2.81,203,4,6447,1635,139000
1,2.0,2,0.08,195,4,6106,1375,160000
0,3.0,1,0.95,151,4,6066,1600,249900
1,2.0,1,0.46,207,4,6032,1027,199900
1,3.0,2,0.17,162,4,6110,1462,255000
0,4.0,1,0.37,168,4,6457,1930,235000
0,2.0,2,4.74,190,4,6415,1846,449900
0,3.0,2,0.69,154,4,6029,1694,425000
0,2.0,2,3.71,11,4,6090,1347,650000
0,1.0,1,0.17,164,4,6040,1425,169000
0,2.0,2,2.66,159,4,6002,1909,500000
0,4.0,2,0.35,147,4,6078,1510,359800
1,5.0,2,0.43,162,4,6107,1122,429900
1,1.0,2,2.31,154,4,6029,1451,529900
0,1.0,2,0.74,202,4,6033,1784,399900
0,2.0,1,0.3,148,4,6082,1091,284900
1,3.0,1,0.9,200,4,6067,1495,224900
0,2.0,1,0.46,207,4,6032,1791,379000
0,2.0,2,0.18,161,4,6109,1562,290000
0,3.0,1,0.18,195,4,6106,1970,189900
0,1.0,2,0.11,195,4,6114,1087,249000
1,1.0,2,0.21,164,4,6040,1477,264900
0,3.0,2,0.61,161,4,6109,1834,379900
0,5.0,2,0.22,161,4,6109,1198,289000
0,1.0,2,0.47,194,4,6037,1785,369900
0,1.0,2,0.25,162,4,6107,1014,369000
1,4.0,2,1.25,34,4,6095,1110,290000
0,1.0,2,0.28,162,4,6107,1411,399900
0,2.0,1,0.76,202,4,6033,1132,354000
1,2.0,1,0.24,162,4,6110,1544,249900
1,2.0,1,0.29,167,4,6118,1709,199000
0,2.0,1,0.14,195,4,6106,1531,329900
1,1.0,2,1.94,11,4,6060,1985,625000
1,1.0,2,0.13,164,4,6040,1031,289900
0,5.0,2,0.41,158,4,6070,1248,180000
0,4.0,2,0.86,159,4,6002,1907,369900
0,1.0,2,0.36,34,4,6095,1463,199900
0,2.0,1,0.26,194,4,6037,1982,369900
1,5.0,2,0.25,148,4,6082,1123,179950
0,1.0,1,0.2,167,4,6118,1586,125000
1,2.0,2,0.17,195,4,6106,1046,235000
1,5.0,2,0.28,164,4,6042,1742,164900
1,4.0,2,0.28,164,4,6042,1414,415000
1,4.0,2,0.13,195,4,6112,1169,189900
1,5.0,1,4.2,162,4,6107,1552,1750000
1,2.0,1,2.94,11,4,6035,1449,625000
0,2.0,2,0.89,164,4,6042,1601,499900
0,2.0,2,0.13,165,4,6111,1310,274900
0,1.0,1,0.26,165,4,6111,1878,400000
1,2.0,1,0.75,168,4,6457,1181,469000
0,1.0,1,0.9,162,4,6117,1782,839000
0,2.0,1,1.71,163,4,6053,1560,89900
0,2.0,1,2.59,152,4,6238,1972,384900
1,4.0,1,1.56,164,4,6042,1317,170000
1,2.0,2,0.17,167,4,6118,1261,175000
1,4.0,2,0.24,162,4,6119,1617,549000
1,1.0,2,0.12,148,4,6082,1879,209000
0,3.0,1,0.85,196,4,6424,1698,415000
0,5.0,2,0.24,161,4,6109,1428,299999
0,3.0,1,0.18,200,4,6067,1301,314900
1,3.0,1,0.92,202,4,6033,1338,529900
0,5.0,2,0.47,166,4,6001,1829,489900
0,4.0,2,1.58,155,4,6074,1365,339900
0,2.0,2,0.54,155,4,6074,1217,285900
0,3.0,1,1.79,155,4,6074,1656,234900
0,3.0,2,0.61,155,4,6074,1526,244900
0,5.0,1,0.14,162,4,6119,1588,325000
1,3.0,1,0.15,163,4,6051,1476,284900
0,2.0,2,0.22,167,4,6118,1416,249900
0,5.0,2,0.38,155,4,6074,1199,289900
0,5.0,2,0.2,167,4,6118,1040,185000
0,4.0,2,0.14,195,4,6105,1792,1150000
0,3.0,2,1.51,34,4,6095,1863,399900
0,1.0,1,0.24,161,4,6109,1991,425000
0,1.0,2,0.76,167,4,6108,1244,197000
0,1.0,2,0.21,163,4,6053,1802,239900
0,3.0,2,1.4,193,4,6026,1686,475000
1,5.0,2,0.34,192,4,6416,1920,314900
1,2.0,2,0.59,202,4,6073,1172,399999
0,4.0,1,0.88,162,4,6107,1403,449900
0,5.0,1,0.18,163,4,6052,1183,209900
0,2.0,1,0.64,147,4,6078,1023,345000
1,3.0,1,0.2,195,4,6106,1294,347900
0,2.0,1,0.69,150,4,6016,1326,354900
0,5.0,1,0.69,151,4,6066,1828,249900
0,5.0,1,0.29,208,4,6450,1045,235500
0,2.0,2,0.18,162,4,6119,1084,279000
0,5.0,1,0.45,159,4,6002,1535,339000
0,5.0,1,0.51,162,4,6117,1690,599900
0,4.0,2,0.35,194,4,6037,1637,449000
1,5.0,2,2.7,207,4,6032,1724,899900
1,1.0,2,1.72,167,4,6108,1834,110000
0,2.0,1,1.09,150,4,6088,1037,440000
1,1.0,1,0.15,195,4,6106,1608,198000
0,4.0,1,0.39,168,4,6457,1566,259900
0,5.0,1,0.21,162,4,6110,1268,379900
1,1.0,2,0.21,167,4,6118,1450,249900
1,2.0,1,0.16,164,4,6042,1927,339999
0,2.0,2,0.25,192,4,6416,1819,765044
0,3.0,1,111.0,197,4,6480,1908,1200000
0,1.0,2,0.17,167,4,6108,1199,289000
0,2.0,2,7.4,167,4,6118,1130,350000
1,2.0,1,1.52,163,4,6053,1205,65900
0,1.0,2,0.64,203,4,6447,1122,100000
0,3.0,2,0.22,163,4,6051,1746,25000
1,1.0,2,0.35,156,4,6096,1999,115000
0,3.0,1,0.48,195,4,6112,1048,375000
0,5.0,2,0.8,162,4,6117,1974,325000
0,3.0,2,1.6,155,4,6074,3946,225000
1,2.0,1,0.18,163,4,6053,1654,164900
0,4.0,1,0.28,164,4,6042,1007,239900
1,4.0,1,0.23,202,4,6033,1694,209900
0,4.0,1,1.53,205,4,6441,1377,284900
1,4.0,1,0.92,159,4,6002,1245,324900
1,5.0,1,0.56,34,4,6095,1671,449900
0,4.0,2,0.33,164,4,6042,1207,179900
1,4.0,2,4.64,166,4,6001,1352,2849900
0,5.0,1,0.37,161,4,6109,1708,424900
1,3.0,2,0.17,34,4,6095,1471,239999
1,1.0,1,0.45,151,4,6066,1059,339900
0,1.0,1,0.08,168,4,6457,1000,220000
0,5.0,1,0.14,165,4,6111,1334,275000
0,4.0,1,0.46,162,4,6107,1960,374900
1,3.0,2,1.27,155,4,6074,1992,112000
0,2.0,1,0.39,200,4,6067,1610,344900
1,3.0,1,0.25,164,4,6040,1288,224900
1,5.0,1,0.16,168,4,6457,1595,319999
1,3.0,1,0.22,162,4,6107,1218,585000
0,3.0,1,1.47,164,4,6040,1702,339900
0,5.0,2,0.46,148,4,6082,1228,329000
0,4.0,2,0.26,165,4,6111,1839,269000
0,4.0,1,0.23,195,4,6114,1362,585000
0,5.0,1,0.1,208,4,6450,1874,130000
0,3.0,1,2.66,149,4,6071,1266,229900
0,4.0,1,0.33,164,4,6042,1859,219900
0,5.0,2,0.17,168,4,6457,1936,120000
0,4.0,1,0.56,208,4,6450,1933,210000
1,5.0,2,1.02,154,4,6029,1886,339900
1,4.0,2,0.66,34,4,6095,1737,279900
0,4.0,1,0.56,159,4,6002,1255,495000
0,2.0,2,1.39,208,4,6450,1187,161500
0,2.0,1,3.38,190,4,6415,1080,375000
0,3.0,2,1.06,200,4,6067,1740,174900
0,1.0,1,0.74,194,4,6037,1975,299900
0,2.0,2,0.29,208,4,6450,1352,215000
0,2.0,1,1.81,200,4,6067,1459,179900
1,5.0,1,0.31,164,4,6042,1044,265600
0,2.0,1,0.38,155,4,6074,1918,389900
0,2.0,1,1.99,168,4,6457,1717,129900
0,4.0,1,0.3,162,4,6107,1288,314900
0,3.0,2,0.26,161,4,6109,1888,310000
0,2.0,2,0.33,162,4,6117,1646,488888
1,2.0,1,0.31,195,4,6114,1105,399900
0,3.0,1,0.14,163,4,6051,1736,365000
0,5.0,1,0.68,165,4,6111,1679,379900
0,2.0,2,0.11,53,4,6455,1539,575000
0,3.0,1,0.13,163,4,6051,1740,39600
1,5.0,2,0.18,161,4,6109,1340,264265
1,5.0,2,0.29,148,4,6082,1780,270000
1,5.0,2,0.2,162,4,6110,1248,324900
0,2.0,2,0.16,162,4,6119,1301,319000
0,4.0,1,0.22,167,4,6118,1973,150000
1,3.0,1,16.08,189,4,6232,1970,400000
0,5.0,2,0.21,164,4,6040,1044,224900
0,4.0,1,0.15,164,4,6040,1822,199900
1,4.0,2,0.13,195,4,6106,1223,249900
0,4.0,2,1.16,203,4,6447,1563,447000
0,1.0,2,0.17,164,4,6040,1820,209900
0,5.0,1,0.98,154,4,6029,1538,344900
1,5.0,1,0.7,154,4,6029,1216,499900
0,3.0,2,0.92,202,4,6033,1211,439000
1,2.0,1,0.16,167,4,6118,1532,129000
0,1.0,2,1.03,147,4,6078,1252,375000
0,2.0,2,0.14,195,4,6112,1123,350000
1,2.0,1,0.52,164,4,6040,1425,365000
0,1.0,1,0.39,202,4,6033,1249,529900
1,4.0,1,0.26,162,4,6119,1803,410000
1,3.0,2,0.2,151,4,6066,1751,218888
1,1.0,2,0.18,162,4,6119,1264,399900
0,1.0,2,1.67,155,4,6074,1464,295000
1,4.0,2,0.89,200,4,6067,1455,402900
0,2.0,1,0.17,195,4,6114,1338,309000
0,5.0,1,0.25,192,4,6416,1513,604514
0,2.0,2,0.69,202,4,6033,1519,225000
0,1.0,1,0.77,195,4,6114,1488,130000
1,2.0,2,0.7,164,4,6040,1187,399900
1,3.0,1,0.46,200,4,6067,1079,339900
0,1.0,2,5.11,199,4,6492,1420,89000
0,4.0,2,0.55,34,4,6095,1007,519900
1,5.0,1,3.5,168,4,6457,1918,275000
0,5.0,1,0.2,163,4,6051,1385,180000
0,2.0,2,0.47,193,4,6026,1756,250000
0,3.0,1,0.93,192,4,6416,1149,329900
0,1.0,1,0.5,160,4,6422,1319,249900
0,5.0,1,1.21,168,4,6457,1068,174900
0,3.0,1,0.53,196,4,6424,1433,345000
0,5.0,1,0.25,195,4,6106,1207,274900
1,3.0,2,0.28,208,4,6450,1799,259900
0,5.0,1,1.0,153,4,6084,1317,239999
0,3.0,2,0.19,162,4,6119,1028,459900
0,5.0,1,0.97,167,4,6118,1581,259900
0,5.0,2,0.08,168,4,6457,1488,184900
1,2.0,1,0.13,168,4,6457,1121,275000
0,4.0,1,1.6,160,4,6422,1984,235000
0,3.0,2,0.5,192,4,6416,1882,424900
0,1.0,1,0.63,148,4,6082,1007,269900
0,3.0,1,0.16,163,4,6053,1317,192000
0,5.0,1,0.21,163,4,6052,1894,330000
1,2.0,1,0.3,165,4,6111,1582,274900
1,3.0,2,26.02,202,4,6033,1215,399900
0,2.0,1,0.2,167,4,6118,1435,120000
1,2.0,2,0.37,151,4,6066,1221,249900
0,2.0,1,0.92,154,4,6029,1679,379900
1,1.0,2,0.34,163,4,6053,1435,99900
0,5.0,1,4.26,153,4,6084,1271,499900
0,1.0,2,2.6,202,4,6033,1177,275000
0,4.0,2,0.52,164,4,6040,1183,369000
0,3.0,1,1.67,192,4,6416,1101,124900
0,3.0,2,0.39,164,4,6042,1042,289900
0,1.0,2,0.2,163,4,6053,1177,219900
1,3.0,1,1.6,168,4,6457,1344,325000
0,5.0,1,0.25,195,4,6112,1796,199900
0,3.0,2,0.92,202,4,6073,1106,249900
1,4.0,2,0.17,195,4,6106,1936,124900
0,3.0,2,0.46,34,4,6095,1871,179900
0,3.0,1,0.23,192,4,6416,1818,479900
1,1.0,2,0.3,208,4,6450,1603,289900
1,4.0,2,0.59,147,4,6078,1573,399700
0,1.0,2,0.29,164,4,6040,1010,279900
0,4.0,1,0.12,199,4,6492,1143,275000
0,3.0,2,0.69,11,4,6035,1814,365000
0,5.0,1,0.18,167,4,6108,1198,225000
0,3.0,1,0.28,164,4,6040,1012,164900
0,1.0,2,1.69,150,4,6088,1843,159900
0,1.0,1,1.53,194,4,6037,1310,289900
1,4.0,1,1.39,154,4,6029,1949,305900
1,3.0,2,2.61,202,4,6033,1884,1590000
1,3.0,1,0.36,208,4,6450,1228,335900
1,3.0,1,0.16,34,4,6095,1929,414900
1,4.0,2,0.97,34,4,6095,1945,398000
1,5.0,1,0.38,194,4,6037,1811,359900
0,3.0,2,0.54,151,4,6066,1970,399900
0,4.0,1,0.17,192,4,6416,1975,135000
0,4.0,2,0.46,148,4,6082,1695,289900
0,4.0,2,0.38,163,4,6053,1515,279900
1,2.0,1,0.34,161,4,6109,1984,374900
0,2.0,2,0.44,200,4,6067,1326,419900
0,5.0,2,0.3,162,4,6107,1996,289900
0,3.0,2,0.35,167,4,6118,1636,370000
0,4.0,1,0.96,162,4,6117,1163,549900
1,4.0,2,0.25,162,4,6117,1455,359900
0,1.0,1,0.27,165,4,6111,1932,369900
0,1.0,1,0.22,163,4,6053,1413,220000
1,1.0,2,0.79,147,4,6078,1401,519900
0,2.0,2,1.87,192,4,6416,1739,119900
0,5.0,1,10.92,150,4,6016,1267,849900
1,5.0,2,0.48,162,4,6117,1247,1195000
0,2.0,2,1.25,155,4,6074,1105,279900
1,5.0,2,0.19,162,4,6107,1614,424900
1,1.0,2,1.59,148,4,6082,1362,260000
0,2.0,2,1.12,196,4,6424,1599,557400
0,3.0,1,0.12,195,4,6105,1991,299900
1,1.0,2,0.43,168,4,6457,1038,289900
0,1.0,2,2.06,200,4,6067,1475,925000
1,4.0,2,0.26,163,4,6053,1151,249900
0,1.0,2,0.56,200,4,6067,1151,189900
1,4.0,2,0.46,200,4,6067,1137,584900
0,1.0,2,0.33,208,4,6450,1700,239000
0,4.0,1,0.1,195,4,6120,1431,19900
0,4.0,2,1.37,208,4,6450,1376,184900
0,4.0,1,3.15,160,4,6422,1770,425000
0,4.0,1,0.52,203,4,6447,1026,234000
1,1.0,2,1.76,190,4,6415,1957,230000
1,3.0,1,1.01,152,4,6238,1225,399900
0,1.0,1,0.78,151,4,6066,1148,399900
1,3.0,1,0.31,165,4,6111,1700,249900
0,2.0,2,0.71,202,4,6073,1053,520000
0,2.0,2,1.49,190,4,6415,1057,299900
1,5.0,2,0.53,202,4,6033,1121,329900
1,1.0,2,0.46,167,4,6118,1570,284900
1,1.0,1,1.7,155,4,6074,1184,499900
0,3.0,1,0.19,162,4,6119,1288,279900
0,2.0,1,0.26,154,4,6029,1810,285000
0,2.0,1,1.8,166,4,6001,1029,269900
0,4.0,1,4.36,206,4,6437,1612,628000
0,5.0,2,0.69,148,4,6082,1596,375000
1,4.0,1,0.24,158,4,6070,1999,424900
1,4.0,1,0.59,168,4,6457,1822,125000
1,2.0,1,1.0,168,4,6457,1600,349900
0,5.0,2,0.83,155,4,6074,1560,430000
0,1.0,2,0.45,192,4,6416,1363,329900
1,1.0,1,0.12,195,4,6106,1626,270000
0,,1,0.54,192,4,6416,1940,239900
0,1.0,2,0.92,158,4,6089,1906,725000
1,4.0,1,4.29,206,4,6437,1818,950000
0,1.0,1,0.18,197,4,6480,1806,296000
1,2.0,2,16.29,196,4,6424,1940,299900
1,3.0,2,0.46,202,4,6033,1215,289900
1,3.0,2,0.53,158,4,6070,1944,200000
0,4.0,1,0.8,192,4,6416,1165,174900
0,,1,0.16,167,4,6108,1566,245900
0,2.0,2,0.16,195,4,6112,1319,189000
0,2.0,2,0.34,159,4,6002,1537,160000
0,5.0,2,0.32,167,4,6118,1738,269900
0,5.0,2,0.57,151,4,6066,1591,299900
1,3.0,1,0.17,195,4,6112,1346,200000
0,5.0,2,0.92,34,4,6095,1041,359900
1,2.0,2,0.28,156,4,6096,1558,247900
0,1.0,2,1.38,147,4,6078,1888,827000
0,3.0,1,0.19,167,4,6108,1286,279900
0,4.0,1,1.08,162,4,6117,1941,2199000
0,2.0,1,0.43,162,4,6107,1804,425000
1,4.0,2,0.27,163,4,6053,1628,220000
1,3.0,2,0.69,164,4,6040,1085,450000
1,4.0,1,0.28,194,4,6037,1155,259000
1,3.0,2,1.46,161,4,6109,1163,92000
0,2.0,2,0.62,155,4,6074,1848,289000
1,3.0,1,2.0,158,4,6070,1168,799000
0,1.0,1,1.47,167,4,6604,1783,300000
1,5.0,1,0.15,163,4,6053,1734,205000
0,2.0,1,0.16,195,4,6112,1353,199900
0,1.0,1,0.17,163,4,6053,1808,209900
0,2.0,2,0.07,168,4,6457,1364,255000
0,3.0,2,0.32,207,4,6032,1322,410000
1,1.0,1,0.18,195,4,6106,1401,249900
0,1.0,2,0.35,168,4,6457,1742,276000
1,2.0,1,0.08,168,4,6457,1925,161000
0,2.0,1,1.74,160,4,6422,1482,230000
0,1.0,1,0.38,34,4,6095,1435,169900
0,4.0,2,0.13,195,4,6106,1103,190000
1,2.0,1,0.88,162,4,6117,1431,779000
0,4.0,1,0.13,167,4,6108,1719,189900
1,2.0,1,0.51,155,4,6074,1830,370000
1,2.0,1,0.49,161,4,6109,1685,214900
1,3.0,2,0.13,164,4,6040,1761,279900
0,4.0,1,0.08,162,4,6119,1542,215000
0,3.0,1,0.28,167,4,6108,1928,249900
0,2.0,1,0.2,167,4,6118,1893,190000
1,4.0,2,0.42,148,4,6082,1413,269900
0,5.0,1,0.98,149,4,6071,1520,349900
0,2.0,2,2.07,205,4,6438,1726,799000
0,1.0,1,0.28,208,4,6450,1058,229900
